Params: 	13
Performance: 	0.8484974388161624
Term	Coefficient	Standard Error	p-value	95% CI lower	95% CI upper
Intercept	1.762783581128319
1	0.3784629578567029	0.004037063710027017	0.0	0.36678709082022354	0.3901388248931823
2	-0.1293461084789074	0.004037063710027018	3.9591387991121525e-201	-0.1410219755153868	-0.117670241442428
3	0.12428032810055041	0.004037063710027017	2.496858208782316e-187	0.11260446106407102	0.1359561951370298
4	-0.09220062004277363	0.004037063710027017	9.482010765766391e-109	-0.10387648707925302	-0.08052475300629423
5	0.09413762459049824	0.004037063710027017	5.186945796563661e-113	0.08246175755401884	0.10581349162697763
6	0.07141726252757818	0.004037063710027017	1.5524911283161042e-67	0.05974139549109879	0.08309312956405758
7	0.21135890919971806	0.004037063710027018	0.0	0.19968304216323865	0.22303477623619747
8	0.34228182275664154	0.004037063710027018	0.0	0.33060595572016216	0.3539576897931209
9	-0.023562798399435425	0.004037063710027018	5.740676898078735e-09	-0.03523866543591482	-0.011886931362956026
10	-0.08045681707896955	0.004037063710027017	2.0649843851780198e-84	-0.09213268411544895	-0.06878095004249016
11	-0.026297688984107916	0.004037063710027017	8.20267821365197e-11	-0.037973556020587315	-0.014621821947628521
12	-0.07253506913721863	0.004037063710027017	1.5694711710049585e-69	-0.08421093617369803	-0.06085920210073924
