Params: 	13
Performance: 	0.8052619583462659
Term	Coefficient	Standard Error	p-value	95% CI lower	95% CI upper
Intercept	0.7279906256701063
1	-0.048506984426805455	0.0014369319727285546	1.5221405451504565e-220	-0.052662833295965945	-0.044351135557644965
2	-0.08710552075901098	0.0014369319727285548	0.0	-0.09126136962817148	-0.08294967188985049
3	-0.014811017102063645	0.0014369319727285546	1.303696028988766e-24	-0.01896686597122414	-0.010655168232903151
4	-0.022488452173297563	0.0014369319727285546	1.164282723310768e-53	-0.026644301042458057	-0.01833260330413707
5	0.02793734049680099	0.0014369319727285546	1.3450833823063414e-80	0.023781491627640497	0.032093189365961484
6	0.015888554639503165	0.0014369319727285546	5.032421960211274e-28	0.011732705770342671	0.02004440350866366
7	-0.058804479526602116	0.0014369319727285548	4.203017070652123e-307	-0.06296032839576261	-0.054648630657441626
8	-0.08898176844135366	0.0014369319727285548	0.0	-0.09313761731051416	-0.08482591957219317
9	0.0029115150247408985	0.0014369319727285548	0.04280893745932403	-0.0012443338444195944	0.007067363893901391
10	-0.01411588259425704	0.0014369319727285546	1.5799448013741733e-22	-0.018271731463417533	-0.009960033725096545
11	-0.003616628688936009	0.0014369319727285546	0.011876905706384161	-0.007772477558096502	0.0005392201802244838
12	-0.10754530496064993	0.0014369319727285546	0.0	-0.11170115382981043	-0.10338945609148943
