Params: 	79
Performance: 	0.8921384397861716
Term	Coefficient	Standard Error	p-value	95% CI lower	95% CI upper
Intercept	0.7279906256701063
1	-0.04850698442680549	0.0010781592970800181	0.0	-0.052194075328214705	-0.044819893525396275
2	-0.08710552075901093	0.0010781592970800175	0.0	-0.09079261166042014	-0.08341842985760171
3	-0.01481101710206359	0.0010781592970800175	5.3265757569621496e-42	-0.018498108003472798	-0.01112392620065438
4	-0.02248845217329761	0.0010781592970800175	8.039158332345414e-92	-0.02617554307470682	-0.018801361271888403
5	0.027937340496800935	0.0010781592970800175	4.995075384456818e-137	0.024250249595391724	0.03162443139821015
6	0.01588855463950322	0.0010781592970800175	6.536835023994403e-48	0.01220146373809401	0.01957564554091243
7	-0.05880447952660214	0.0010781592970800177	0.0	-0.062491570428011345	-0.05511738862519293
8	-0.08898176844135375	0.0010781592970800175	0.0	-0.09266885934276296	-0.08529467753994453
9	0.0029115150247409575	0.0010781592970800175	0.0069536177086519	-0.0007755758766682525	0.006598605926150167
10	-0.014115882594257095	0.0010781592970800175	2.1945495352648726e-38	-0.017802973495666306	-0.010428791692847885
11	-0.0036166286889360855	0.0010781592970800175	0.0008026093693752244	-0.007303719590345295	7.046221247312447e-05
12	-0.10754530496065007	0.0010781592970800175	0.0	-0.11123239586205928	-0.10385821405924085
1,2	-0.014079451776203091	0.0010781592970800175	3.360916367378534e-38	-0.017766542677612303	-0.010392360874793881
1,3	0.00023646974766596864	0.0010781592970800175	0.8264062549992193	-0.0034506211537432413	0.003923560649075179
1,4	0.00046501342327735784	0.0010781592970800175	0.6662711569560511	-0.003222077478131852	0.004152104324686568
1,5	-0.0020874222333208676	0.0010781592970800175	0.05292574840150615	-0.005774513134730078	0.0015996686680883423
1,6	0.002726333184838918	0.0010781592970800175	0.011486812415986763	-0.0009607577165702918	0.006413424086248128
1,7	-0.025436377536384357	0.0010781592970800175	2.314526857109796e-115	-0.029123468437793565	-0.02174928663497515
1,8	-0.009753225568800046	0.0010781592970800175	2.256088532927105e-19	-0.013440316470209256	-0.006066134667390836
1,9	-0.004417964842792873	0.0010781592970800175	4.2552464794536276e-05	-0.008105055744202082	-0.0007308739413836628
1,10	0.0015533693249037113	0.0010781592970800175	0.1497302952007206	-0.0021337215765054986	0.005240460226312921
1,11	-0.0022478987602193336	0.0010781592970800175	0.03713763363092005	-0.0059349896616285435	0.0014391921411898764
1,12	-0.00908047539644876	0.0010781592970800175	5.0789668117537844e-17	-0.01276756629785797	-0.00539338449503955
2,3	-0.0037243728066912573	0.0010781592970800175	0.0005572632544902178	-0.007411463708100467	-3.728190528204736e-05
2,4	-0.0021504969479706278	0.0010781592970800175	0.04615394555603437	-0.005837587849379837	0.0015365939534385822
2,5	-0.0013181814779286618	0.0010781592970800175	0.22154415648160147	-0.005005272379337872	0.002368909423480548
2,6	-0.002846600689245806	0.0010781592970800175	0.00831674861584944	-0.006533691590655016	0.0008404902121634038
2,7	0.003928050805532089	0.0010781592970800175	0.0002725716071346112	0.00024095990412287879	0.007615141706941299
2,8	0.01395798494749069	0.0010781592970800175	1.3820307831848943e-37	0.01027089404608148	0.017645075848899898
2,9	-0.003356378713896607	0.0010781592970800175	0.001864580303551877	-0.007043469615305817	0.00033071218751260303
2,10	0.0015670444393543793	0.0010781592970800175	0.14617856159397763	-0.0021200464620548306	0.005254135340763589
2,11	-0.0019363624355823333	0.0010781592970800172	0.07257135670896046	-0.005623453336991543	0.0017507284658268758
2,12	0.01403687387238189	0.0010781592970800175	5.52401127462075e-38	0.01034978297097268	0.017723964773791102
3,4	-0.0035668336177435197	0.0010781592970800175	0.0009470349939805687	-0.00725392451915273	0.00012025728366569025
3,5	0.00301736734434609	0.0010781592970800175	0.005156489524363427	-0.0006697235570631201	0.0067044582457553
3,6	-0.005345119427660959	0.0010781592970800175	7.430200320772909e-07	-0.00903221032907017	-0.0016580285262517494
3,7	0.0007464973697703563	0.0010781592970800175	0.48873790732304123	-0.0029405935316388536	0.004433588271179566
3,8	-0.005278059523699084	0.0010781592970800175	1.0194126321944648e-06	-0.008965150425108294	-0.001590968622289874
3,9	0.011982810139892337	0.0010781592970800175	2.756803791230643e-28	0.008295719238483127	0.015669901041301545
3,10	-0.005002846986618634	0.0010781592970800175	3.5921154798886665e-06	-0.008689937888027844	-0.0013157560852094241
3,11	-0.004943656413337997	0.0010781592970800175	4.6718879023501775e-06	-0.008630747314747207	-0.001256565511928787
3,12	-0.003910624098987979	0.0010781592970800175	0.0002901487999625377	-0.007597715000397189	-0.00022353319757876904
4,5	0.0025656295209656333	0.0010781592970800175	0.017376042109677706	-0.0011214613804435766	0.006252720422374843
4,6	-0.0035072448176958516	0.0010781592970800175	0.0011514086013764027	-0.007194335719105062	0.0001798460837133583
4,7	0.004052584091400748	0.0010781592970800175	0.00017315711035104594	0.00036549318999153785	0.007739674992809958
4,8	-0.003243500301379265	0.0010781592970800175	0.0026428372825079522	-0.006930591202788475	0.0004435906000299448
4,9	0.0029170862349680695	0.0010781592970800175	0.006846547948143962	-0.0007700046664411405	0.006604177136377279
4,10	-0.003268225575991294	0.0010781592970800175	0.00245055149481355	-0.006955316477400504	0.00041886532541791574
4,11	-0.00472654287288634	0.0010781592970800175	1.1955488695507055e-05	-0.00841363377429555	-0.00103945197147713
4,12	-0.004962912034899769	0.0010781592970800175	4.290384150521572e-06	-0.008650002936308979	-0.0012758211334905588
5,6	-0.002133832076210779	0.0010781592970800172	0.04786801693571511	-0.005820922977619988	0.00155325882519843
5,7	-0.0045525450323153065	0.0010781592970800175	2.469387511520799e-05	-0.008239635933724516	-0.0008654541309060966
5,8	0.0004911392343827786	0.0010781592970800175	0.6487490558611557	-0.0031959516670264313	0.0041782301357919886
5,9	0.0006678629032234422	0.0010781592970800175	0.5356568369885564	-0.0030192279981857677	0.004354953804632652
5,10	0.0003491613264539062	0.0010781592970800175	0.7460688539728237	-0.0033379295749553037	0.004036252227863116
5,11	0.0036457033114119432	0.0010781592970800175	0.0007280252764714505	-4.138758999726669e-05	0.007332794212821153
5,12	-0.001631886304639612	0.0010781592970800172	0.13020966561838662	-0.005318977206048821	0.002055204596769597
6,7	-0.0002440833138218526	0.0010781592970800175	0.8209104669671254	-0.003931174215231063	0.0034430075875873573
6,8	-0.004378330477976075	0.0010781592970800175	4.980930946102379e-05	-0.008065421379385285	-0.0006912395765668652
6,9	0.0021371718836579266	0.0010781592970800175	0.04752027568998148	-0.0015499190177512834	0.0058242627850671365
6,10	-0.0039312788290556495	0.0010781592970800175	0.0002694273419741338	-0.0076183697304648594	-0.0002441879276464396
6,11	-0.003844712791718553	0.0010781592970800175	0.00036669942786115255	-0.007531803693127763	-0.0001576218903093429
6,12	-0.004144228426885747	0.0010781592970800175	0.00012301756980207228	-0.007831319328294957	-0.0004571375254765371
7,8	0.0025765884076686817	0.0010781592970800175	0.016903241384629376	-0.0011105024937405283	0.006263679309077891
7,9	0.005568252151389372	0.0010781592970800175	2.5264733651555407e-07	0.0018811612499801617	0.00925534305279858
7,10	7.128436892321448e-05	0.0010781592970800175	0.9472881802574695	-0.0036158065324859955	0.0037583752703324244
7,11	-0.00213608794269826	0.0010781592970800175	0.04763290215477717	-0.00582317884410747	0.0015510029587109501
7,12	0.005415859820555338	0.0010781592970800175	5.301340896420737e-07	0.0017287689191461285	0.00910295072196455
8,9	0.00360078617891901	0.0010781592970800175	0.0008461762893748069	-8.630472249019977e-05	0.00728787708032822
8,10	-0.00242501773385859	0.0010781592970800175	0.024552437068999632	-0.0061121086352678	0.00126207316755062
8,11	-0.004851646614915795	0.0010781592970800175	6.989770695182752e-06	-0.008538737516325005	-0.0011645557135065848
8,12	0.038293894574466386	0.0010781592970800175	1.5205728413823147e-240	0.03460680367305718	0.041980985475875594
9,10	0.0032517971166799364	0.0010781592970800175	0.002576827480670218	-0.00043529378472927354	0.006938888018089146
9,11	0.0019996957835691147	0.0010781592970800175	0.06370783529145742	-0.0016873951178400953	0.005686786684978325
9,12	-0.0021943647576519046	0.0010781592970800175	0.04188740752487772	-0.0058814556590611146	0.0014927261437573053
10,11	-0.009753216195244267	0.0010781592970800175	2.2562645086409185e-19	-0.013440307096653477	-0.006066125293835057
10,12	-0.003046450321934461	0.0010781592970800175	0.004742469614472843	-0.006733541223343671	0.000640640579474749
11,12	-0.005430534369020414	0.0010781592970800175	4.940256686662698e-07	-0.009117625270429624	-0.001743443467611204
