Params: 	299
Performance: 	0.9122220672834975
Term	Coefficient	Standard Error	p-value	95% CI lower	95% CI upper
Intercept	0.7279906256701063
1	-0.04850698442680515	0.0010003981379496135	0.0	-0.05227623604786415	-0.04473773280574615
2	-0.08710552075901107	0.0010003981379496155	0.0	-0.09087477238007008	-0.08333626913795206
3	-0.014811017102063614	0.0010003981379496148	2.9376996739635526e-48	-0.018580268723122614	-0.011041765481004611
4	-0.02248845217329751	0.0010003981379496148	3.616131682641463e-105	-0.02625770379435651	-0.01871920055223851
5	0.02793734049680095	0.0010003981379496148	2.976738081248705e-156	0.02416808887574195	0.03170659211785995
6	0.015888554639503217	0.0010003981379496148	4.803284224513371e-55	0.012119303018444215	0.019657806260562218
7	-0.05880447952660214	0.0010003981379496148	0.0	-0.06257373114766114	-0.05503522790554313
8	-0.08898176844135361	0.0010003981379496155	0.0	-0.09275102006241262	-0.0852125168202946
9	0.0029115150247408655	0.0010003981379496148	0.0036311640713422755	-0.0008577365963181364	0.006680766645799868
10	-0.014115882594257119	0.0010003981379496153	4.1954325093012503e-44	-0.017885134215316123	-0.010346630973198115
11	-0.003616628688936172	0.001000398137949615	0.0003040245894416601	-0.0073858803099951745	0.00015262293212283057
12	-0.10754530496065004	0.0010003981379496148	0.0	-0.11131455658170904	-0.10377605333959104
1,2	-0.014079451776203091	0.0010003981379496155	6.848994156637906e-44	-0.017848703397262095	-0.010310200155144087
1,3	0.00023646974766596777	0.0010003981379496146	0.8131539489141771	-0.0035327818733930333	0.004005721368724969
1,4	0.00046501342327734353	0.0010003981379496148	0.6420810320768263	-0.0033042381977816584	0.0042342650443363454
1,5	-0.002087422233320834	0.0010003981379496138	0.0369916350874428	-0.005856673854379831	0.0016818293877381638
1,6	0.0027263331848390374	0.0010003981379496146	0.0064547766829233695	-0.0010429184362199637	0.006495584805898038
1,7	-0.0254363775363845	0.0010003981379496153	7.813580017705182e-132	-0.029205629157443503	-0.021667125915325495
1,8	-0.009753225568800105	0.0010003981379496148	3.374231391204235e-22	-0.013522477189859107	-0.005983973947741103
1,9	-0.00441796484279291	0.001000398137949615	1.0324600616448852e-05	-0.008187216463851912	-0.0006487132217339073
1,10	0.0015533693249037243	0.0010003981379496148	0.12056594639249811	-0.0022158822961552776	0.005322620945962727
1,11	-0.0022478987602192486	0.0010003981379496148	0.024696974444496866	-0.006017150381278251	0.0015213528608397533
1,12	-0.009080475396448722	0.0010003981379496148	1.7547806695915016e-19	-0.012849727017507724	-0.00531122377538972
2,3	-0.0037243728066913596	0.0010003981379496148	0.00019981115852137394	-0.007493624427750362	4.487881436764226e-05
2,4	-0.002150496947970604	0.0010003981379496148	0.031646607831146	-0.005919748569029605	0.001618754673088398
2,5	-0.0013181814779286063	0.0010003981379496148	0.18769803558632822	-0.005087433098987609	0.0024510701431303956
2,6	-0.0028466006892456834	0.0010003981379496148	0.004458385762485893	-0.006615852310304685	0.0009226509318133185
2,7	0.003928050805532138	0.0010003981379496157	8.772505047372197e-05	0.00015879918447313322	0.007697302426591143
2,8	0.013957984947490846	0.0010003981379496155	3.481473083173048e-43	0.010188733326431842	0.01772723656854985
2,9	-0.0033563787138965505	0.0010003981379496148	0.0008013162385937522	-0.007125630334955552	0.0004128729071624514
2,10	0.0015670444393545632	0.0010003981379496148	0.117333469725045	-0.0022022071817044387	0.0053362960604135656
2,11	-0.0019363624355822396	0.0010003981379496146	0.05299186669801266	-0.005705614056641241	0.0018328891854767614
2,12	0.014036873872381735	0.0010003981379496144	1.212747790545138e-43	0.010267622251322734	0.017806125493440735
3,4	-0.0035668336177435904	0.0010003981379496148	0.0003677589258076278	-0.007336085238802592	0.00020241800331541153
3,5	0.003017367344346009	0.0010003981379496148	0.0025768864067901693	-0.0007518842767129928	0.006786618965405011
3,6	-0.005345119427661013	0.0010003981379496148	9.679550919352414e-08	-0.009114371048720015	-0.0015758678066020112
3,7	0.000746497369770195	0.0010003981379496146	0.4555926349018622	-0.003022754251288806	0.0045157489908291965
3,8	-0.0052780595236991915	0.0010003981379496148	1.3944258435395105e-07	-0.009047311144758194	-0.0015088079026401896
3,9	0.011982810139892204	0.0010003981379496157	1.7698076197764034e-32	0.008213558518833198	0.01575206176095121
3,10	-0.005002846986618561	0.0010003981379496148	5.965760537787089e-07	-0.008772098607677564	-0.0012335953655595593
3,11	-0.004943656413337922	0.0010003981379496148	8.079127915698546e-07	-0.008712908034396925	-0.0011744047922789204
3,12	-0.003910624098987936	0.0010003981379496148	9.426968845179494e-05	-0.007679875720046938	-0.0001413724779289337
4,5	0.002565629520965786	0.0010003981379496146	0.01036734197915698	-0.001203622100093215	0.006334881142024787
4,6	-0.0035072448176956973	0.0010003981379496146	0.0004604187450978149	-0.007276496438754698	0.0002620068033633038
4,7	0.004052584091400673	0.0010003981379496148	5.202507025856939e-05	0.0002833324703416713	0.007821835712459676
4,8	-0.0032435003013791645	0.0010003981379496153	0.0011963221355209594	-0.007012751922438168	0.0005257513196798387
4,9	0.002917086234967999	0.001000398137949615	0.0035671216420633278	-0.0008521653860910036	0.0066863378560270015
4,10	-0.003268225575991145	0.0010003981379496148	0.001096892945162291	-0.007037477197050147	0.0005010260450678569
4,11	-0.00472654287288651	0.0010003981379496148	2.3884331185675247e-06	-0.008495794493945512	-0.0009572912518275079
4,12	-0.004962912034899861	0.0010003981379496148	7.322829364240139e-07	-0.008732163655958863	-0.0011936604138408588
5,6	-0.002133832076210703	0.0010003981379496148	0.032990083972135605	-0.0059030836972697055	0.0016354195448482988
5,7	-0.004552545032315296	0.0010003981379496148	5.513188143908606e-06	-0.008321796653374298	-0.0007832934112562942
5,8	0.0004911392343828207	0.0010003981379496148	0.6234945900154337	-0.0032781123866761812	0.004260390855441823
5,9	0.0006678629032234092	0.0010003981379496146	0.5044313766826125	-0.003101388717835592	0.00443711452428241
5,10	0.0003491613264538342	0.0010003981379496148	0.7270918703886948	-0.0034200902946051677	0.004118412947512836
5,11	0.0036457033114119484	0.0010003981379496146	0.00027175823341436106	-0.0001235483096470526	0.007414954932470949
5,12	-0.0016318863046396112	0.0010003981379496148	0.10292328503865092	-0.0054011379256986135	0.0021373653164193907
6,7	-0.00024408331382176564	0.0010003981379496148	0.8072547100399531	-0.004013334934880768	0.003525168307237236
6,8	-0.004378330477975932	0.0010003981379496155	1.2379454137706037e-05	-0.008147582099034937	-0.0006090788569169279
6,9	0.002137171883657805	0.0010003981379496148	0.03271699124559041	-0.0016320797374011968	0.0059064235047168075
6,10	-0.003931278829055588	0.0010003981379496148	8.656089757730528e-05	-0.00770053045011459	-0.00016202720799658602
6,11	-0.003844712791718492	0.0010003981379496148	0.00012343565167414474	-0.007613964412777494	-7.54611706594902e-05
6,12	-0.004144228426885923	0.0010003981379496148	3.509001896158719e-05	-0.007913480047944925	-0.0003749768058269212
7,8	0.002576588407668775	0.0010003981379496148	0.010045194741537098	-0.001192663213390227	0.006345840028727777
7,9	0.005568252151389283	0.0010003981379496148	2.786198232391827e-08	0.0017990005303302812	0.009337503772448285
7,10	7.128436892321881e-05	0.0010003981379496153	0.9431977664129594	-0.0036979672521357844	0.003840535989982222
7,11	-0.0021360879426982633	0.0010003981379496153	0.032805410966565855	-0.0059053395637572665	0.00163316367836074
7,12	0.005415859820555232	0.0010003981379496148	6.55553619175448e-08	0.0016466081994962298	0.009185111441614234
8,9	0.003600786178919151	0.0010003981379496146	0.0003230834322646814	-0.00016846544213984993	0.007370037799978153
8,10	-0.0024250177338584764	0.0010003981379496148	0.015394788494610559	-0.006194269354917478	0.0013442338872005255
8,11	-0.004851646614915756	0.0010003981379496148	1.2859567447232605e-06	-0.008620898235974757	-0.0010823949938567538
8,12	0.03829389457446633	0.0010003981379496148	2.054028524031569e-271	0.034524642953407327	0.042063146195525335
9,10	0.0032517971166798974	0.0010003981379496148	0.0011620648898637068	-0.0005174545043791045	0.0070210487377389
9,11	0.001999695783569034	0.001000398137949615	0.04569034105729929	-0.0017695558374899688	0.005768947404628037
9,12	-0.0021943647576518747	0.0010003981379496148	0.028332411846153115	-0.005963616378710877	0.0015748868634071272
10,11	-0.009753216195244203	0.0010003981379496148	3.3745352108618685e-22	-0.013522467816303205	-0.005983964574185201
10,12	-0.0030464503219344973	0.0010003981379496148	0.0023409174938280597	-0.0068157019429935	0.0007228012991245046
11,12	-0.005430534369020404	0.0010003981379496148	6.04284356660749e-08	-0.009199785990079406	-0.0016612827479614025
1,2,3	0.00046208120038833574	0.0010003981379496148	0.6441814313855083	-0.003307170420670666	0.004231332821447338
1,2,4	0.00104589896289095	0.0010003981379496148	0.2958664754227781	-0.002723352658168052	0.004815150583949952
1,2,5	-0.0020801481099701376	0.0010003981379496148	0.037654880830464074	-0.00584939973102914	0.0016891035110888643
1,2,6	-0.0003104991221205811	0.001000398137949615	0.7562924198398372	-0.004079750743179584	0.0034587524989384217
1,2,7	0.0034817404339207506	0.0010003981379496148	0.0005063869127390556	-0.00028751118713825135	0.007250992054979753
1,2,8	0.006544008897165669	0.0010003981379496148	6.907240393109122e-11	0.0027747572761066667	0.010313260518224671
1,2,9	0.002581692099443588	0.0010003981379496148	0.009898233959083154	-0.001187559521615414	0.006350943720502589
1,2,10	-1.7233425540056496e-05	0.0010003981379496148	0.986256773021662	-0.0037864850465990584	0.0037520181955189454
1,2,11	0.002098629902964803	0.0010003981379496146	0.03598922291303069	-0.001670621718094198	0.005867881524023804
1,2,12	0.008609402607548148	0.0010003981379496148	1.0912695900670056e-17	0.004840150986489145	0.01237865422860715
1,3,4	0.0010437844219005777	0.0010003981379496148	0.296843840073921	-0.002725467199158424	0.00481303604295958
1,3,5	-0.0016356516645552937	0.0010003981379496148	0.10213179045531087	-0.005404903285614295	0.002133599956503708
1,3,6	0.002948439404419581	0.0010003981379496148	0.003225493142395594	-0.000820812216639421	0.006717691025478582
1,3,7	-0.0003515751937445792	0.0010003981379496148	0.7252813226712373	-0.0041208268148035816	0.0034176764273144227
1,3,8	0.00316817214963292	0.0010003981379496148	0.0015528844697400622	-0.0006010794714260818	0.006937423770691922
1,3,9	-0.0025294260824489274	0.0010003981379496148	0.011497935948009493	-0.00629867770350793	0.0012398255386100745
1,3,10	0.001542000160969434	0.0010003981379496146	0.12330608368614646	-0.002227251460089567	0.0053112517820284345
1,3,11	-1.782329951865568e-05	0.0010003981379496148	0.9857864121974385	-0.0037870749205776576	0.0037514283215403462
1,3,12	0.004021707928902959	0.0010003981379496153	5.9300991165517227e-05	0.0002524563078439559	0.007790959549961962
1,4,5	-0.003141870279749208	0.0010003981379496153	0.0016988648247003655	-0.006911121900808211	0.0006273813413097953
1,4,6	0.002766314727777923	0.0010003981379496148	0.005716035131873699	-0.0010029368932810787	0.006535566348836925
1,4,7	-0.0005913787659378761	0.0010003981379496148	0.5544595238419964	-0.004360630386996878	0.003177872855121126
1,4,8	0.0008025623346039604	0.0010003981379496148	0.4224626536123146	-0.0029666892864550418	0.004571813955662962
1,4,9	-0.0015568700263614793	0.0010003981379496146	0.11973189585871444	-0.005326121647420481	0.0022123815946975215
1,4,10	-0.0006479016455473124	0.0010003981379496148	0.5172545205652896	-0.004417153266606314	0.0031213499755116895
1,4,11	0.0015280748314184835	0.0010003981379496148	0.1267282971696048	-0.0022411767896405184	0.005297326452477486
1,4,12	0.0015409783732951692	0.0010003981379496148	0.12355471301870208	-0.0022282732477638327	0.0053102299943541716
1,5,6	-0.002200263609780687	0.0010003981379496148	0.027910420038729605	-0.005969515230839689	0.001568988011278315
1,5,7	-0.001283941939881145	0.0010003981379496148	0.1994194559204964	-0.005053193560940147	0.002485309681177857
1,5,8	-0.0009214655269925531	0.0010003981379496148	0.35705736306139046	-0.004690717148051555	0.002847786094066449
1,5,9	0.0007233620441732215	0.0010003981379496148	0.4696788600805921	-0.0030458895768857804	0.004492613665232223
1,5,10	-0.0006347101593264584	0.0010003981379496148	0.5258204799808006	-0.004403961780385461	0.0031345414617325435
1,5,11	-3.972106873787167e-05	0.0010003981379496146	0.9683301951048826	-0.0038089726897968727	0.0037295305523211294
1,5,12	0.000700182591017836	0.0010003981379496148	0.4840301788354916	-0.003069069030041166	0.004469434212076838
1,6,7	-0.0025540381302136955	0.0010003981379496148	0.010718060616358596	-0.006323289751272698	0.0012152134908453064
1,6,8	-0.0011229647628604386	0.0010003981379496148	0.26171329887710015	-0.004892216383919441	0.0026462868581985633
1,6,9	0.0013952281424714314	0.0010003981379496148	0.16319609455396336	-0.0023740234785875705	0.005164479763530433
1,6,10	-0.0009952240446333	0.001000398137949615	0.3198833344421708	-0.004764475665692302	0.002774027576425703
1,6,11	6.185993412840705e-05	0.0010003981379496148	0.9506972344036981	-0.003707391686930595	0.003831111555187409
1,6,12	0.00016675467470840446	0.0010003981379496148	0.8676241799222256	-0.0036024969463505974	0.003936006295767406
1,7,8	-0.00299453207995832	0.001000398137949615	0.0027771990172184916	-0.006763783701017323	0.0007747195411006826
1,7,9	-0.0009843423995969137	0.0010003981379496148	0.32520246927893925	-0.004753594020655916	0.002784909221462088
1,7,10	0.0015998330532929015	0.0010003981379496148	0.10986018059498294	-0.0021694185677661004	0.005369084674351904
1,7,11	0.0014866030794285752	0.0010003981379496148	0.137359116437754	-0.0022826485416304267	0.005255854700487577
1,7,12	0.009959060656253313	0.0010003981379496148	4.5823283642468084e-23	0.00618980903519431	0.013728312277312315
1,8,9	0.001683314967102016	0.0010003981379496148	0.09252604394856558	-0.002085936653956986	0.005452566588161018
1,8,10	0.0006142377119193452	0.0010003981379496148	0.5392565658266615	-0.0031550139091396567	0.004383489332978347
1,8,11	-0.0005725164678336324	0.0010003981379496148	0.5671603404279479	-0.004341768088892634	0.0031967351532253695
1,8,12	0.0061721623050479965	0.0010003981379496148	7.559011438944142e-10	0.0024029106839889946	0.009941413926106998
1,9,10	-0.002056193428969722	0.0010003981379496148	0.03991103732028686	-0.0058254450500287245	0.0017130581920892798
1,9,11	-0.00029595163644695853	0.001000398137949615	0.7673731452010459	-0.004065203257505961	0.0034732999846120442
1,9,12	0.0007089273851499413	0.001000398137949615	0.47858815376293795	-0.0030603242359090615	0.004478179006208944
1,10,11	0.0024789111053139363	0.001000398137949615	0.013258079406750252	-0.0012903405157450665	0.006248162726372939
1,10,12	-0.0001941240229384432	0.0010003981379496148	0.8461496443918486	-0.0039633756439974455	0.0035751275981205587
1,11,12	-0.0012195786919450124	0.0010003981379496148	0.22288450150243827	-0.004988830313004015	0.0025496729291139895
2,3,4	0.001094769726094097	0.0010003981379496148	0.27387792043206116	-0.002674481894964905	0.004864021347153099
2,3,5	0.001256991906872681	0.0010003981379496146	0.209015067215374	-0.00251225971418632	0.005026243527931682
2,3,6	0.001407520146227882	0.0010003981379496148	0.1595211004470938	-0.00236173147483112	0.0051767717672868835
2,3,7	-0.0006549316079015929	0.0010003981379496148	0.5127192807920685	-0.004424183228960595	0.003114320013157409
2,3,8	0.0007586881601805541	0.0010003981379496148	0.4482668753204403	-0.0030105634608784478	0.004527939781239556
2,3,9	-0.000457309235279698	0.0010003981379496148	0.6476057467580436	-0.0042265608563387	0.003311942385779304
2,3,10	-0.0016295757280477014	0.0010003981379496148	0.10341138912695845	-0.005398827349106704	0.0021396758930113005
2,3,11	-0.0002223946258624219	0.0010003981379496148	0.8240875465050647	-0.003991646246921424	0.00354685699519658
2,3,12	0.004772699620063687	0.0010003981379496148	1.903953766554082e-06	0.0010034479990046852	0.008541951241122689
2,4,5	-0.0006123967772527928	0.0010003981379496148	0.5404731517763068	-0.004381648398311795	0.003156854843806209
2,4,6	0.002389024812527789	0.0010003981379496148	0.016985524837053713	-0.001380226808531213	0.0061582764335867905
2,4,7	0.00117065600916304	0.0010003981379496148	0.2419979130200107	-0.002598595611895962	0.0049399076302220415
2,4,8	-0.0007154856492679463	0.0010003981379496148	0.4745288853646381	-0.004484737270326948	0.0030537659717910556
2,4,9	0.0013892247531506166	0.0010003981379496146	0.1650140023414927	-0.0023800268679083844	0.005158476374209618
2,4,10	0.0008588647886921003	0.0010003981379496148	0.390657939283914	-0.0029103868323669016	0.004628116409751103
2,4,11	-0.000334257328332214	0.0010003981379496148	0.7383042158639639	-0.0041035089493912155	0.003434994292726788
2,4,12	0.002191277387845487	0.0010003981379496148	0.028555460199200425	-0.0015779742332135151	0.005960529008904489
2,5,6	0.0006249165092615113	0.0010003981379496148	0.532226640626634	-0.0031443351117974904	0.0043941681303205134
2,5,7	-0.0015806275763055174	0.0010003981379496148	0.11419049977912596	-0.005349879197364519	0.0021886240447534845
2,5,8	0.0010956612478340375	0.0010003981379496148	0.27348745473011105	-0.0026735903732249644	0.00486491286889304
2,5,9	0.0003804785570169205	0.0010003981379496148	0.7037238695734764	-0.0033887730640420814	0.004149730178075923
2,5,10	0.0012816589709272555	0.0010003981379496148	0.20021961030498206	-0.0024875926501317465	0.005050910591986257
2,5,11	0.0010585366621055593	0.0010003981379496148	0.29007015045145135	-0.0027107149589534426	0.004827788283164561
2,5,12	-0.0006093090468149214	0.0010003981379496146	0.542516763557912	-0.004378560667873923	0.0031599425742440796
2,6,7	-0.00012119162333137142	0.0010003981379496148	0.9035838708627354	-0.0038904432443903733	0.0036480599977276305
2,6,8	0.0021908646839585467	0.0010003981379496148	0.02858539051107434	-0.0015783869371004552	0.005960116305017549
2,6,9	-0.0008362004989021766	0.0010003981379496148	0.4032819258802822	-0.0046054521199611785	0.0029330511221568253
2,6,10	0.00040545159957400007	0.0010003981379496148	0.6852870145856662	-0.003363800021485002	0.0041747032206330015
2,6,11	-0.0004311313352576545	0.0010003981379496148	0.6665220975427791	-0.004200382956316657	0.0033381202858013474
2,6,12	0.001616201304826299	0.0010003981379496148	0.10627297173918723	-0.002153050316232703	0.005385452925885301
2,7,8	-0.00016233053465909437	0.0010003981379496148	0.871105076851547	-0.003931582155718096	0.0036069210863999075
2,7,9	-0.0009394961301200447	0.0010003981379496148	0.34772772714050093	-0.004708747751179047	0.0028297554909389572
2,7,10	-0.002430467200379052	0.0010003981379496148	0.015165745771249697	-0.006199718821438054	0.00133878442067995
2,7,11	0.0011460000567392178	0.0010003981379496148	0.2520560855422579	-0.002623251564319784	0.004915251677798219
2,7,12	0.002722342780662664	0.0010003981379496148	0.00653303242081767	-0.001046908840396338	0.006491594401721666
2,8,9	-0.001001216717962895	0.0010003981379496148	0.31697845747040976	-0.004770468339021897	0.002768034903096107
2,8,10	0.000943514960056169	0.0010003981379496148	0.34566957850044944	-0.002825736661002833	0.004712766581115171
2,8,11	-0.004346559773050743	0.0010003981379496148	1.4302931437074555e-05	-0.008115811394109745	-0.0005773081519917411
2,8,12	-0.0024143685397005903	0.0010003981379496148	0.015851184420915106	-0.006183620160759592	0.0013548830813584116
2,9,10	-0.00044785677047497197	0.0010003981379496148	0.6544107556618375	-0.004217108391533974	0.00332139485058403
2,9,11	-0.0013299179973486862	0.0010003981379496148	0.1837996230742269	-0.0050991696184076885	0.0024393336237103157
2,9,12	-0.0007002261688904142	0.0010003981379496148	0.4840029766436936	-0.004469477789949416	0.0030690254521685877
2,10,11	3.5548642171768716e-05	0.0010003981379496148	0.9716554089497902	-0.003733702978887233	0.0038048002632307706
2,10,12	-1.3272761739770156e-05	0.0010003981379496148	0.9894150905723866	-0.003782524382798772	0.0037559788593192318
2,11,12	-0.0016326920232088175	0.0010003981379496148	0.10275351047053743	-0.005401943644267819	0.0021365595978501844
3,4,5	-0.0014039135310604592	0.0010003981379496148	0.16059283454809656	-0.0051731651521194615	0.0023653380899985427
3,4,6	1.0455743105401358e-05	0.0010003981379496148	0.9916615450325221	-0.0037587958779536005	0.0037797073641644033
3,4,7	-0.0004658011484441858	0.0010003981379496148	0.6415172584594009	-0.004235052769503188	0.003303450472614816
3,4,8	-0.00021968061258399382	0.0010003981379496148	0.8261998039689697	-0.003988932233642996	0.003549571008475008
3,4,9	0.00015420440177813053	0.0010003981379496146	0.8775051513625429	-0.0036150472192808705	0.003923456022837132
3,4,10	-0.0013377875024093875	0.0010003981379496148	0.18121948671410723	-0.005107039123468389	0.0024314641186496144
3,4,11	-0.0019682333437570122	0.0010003981379496148	0.049204037255071796	-0.005737484964816015	0.0018010182773019897
3,4,12	0.0006446552165616532	0.0010003981379496148	0.5193558808958687	-0.0031245964044973487	0.0044139068376206556
3,5,6	0.00028198216173449175	0.0010003981379496148	0.7780586019342377	-0.00348726945932451	0.004051233782793494
3,5,7	-0.00026477589540271906	0.0010003981379496148	0.7912776550058366	-0.004034027516461721	0.003504475725656283
3,5,8	0.00231976299539421	0.0010003981379496148	0.02045655763171163	-0.0014494886256647918	0.006089014616453212
3,5,9	-0.0033168330861045735	0.0010003981379496148	0.000923342979141491	-0.007086084707163575	0.0004524185349544284
3,5,10	-0.0029156361841704047	0.0010003981379496148	0.0035836906249210225	-0.006684887805229406	0.0008536154368885972
3,5,11	-0.0016277776216047177	0.0010003981379496148	0.10379250727060754	-0.00539702924266372	0.002141473999454284
3,5,12	-0.0009285257609322815	0.0010003981379496148	0.35338553310643606	-0.004697777381991283	0.0028407258601267204
3,6,7	7.307245823540511e-05	0.0010003981379496148	0.9417754472273012	-0.0036961791628235966	0.0038423240792944072
3,6,8	-0.0004128988762404401	0.0010003981379496148	0.6798244112039197	-0.004182150497299442	0.003356352744818562
3,6,9	0.0011769573584202858	0.0010003981379496148	0.2394732948659848	-0.002592294262638716	0.004946208979479288
3,6,10	-0.00047720697389070374	0.0010003981379496148	0.6333774293920806	-0.004246458594949706	0.003292044647168298
3,6,11	0.0011719180047148631	0.0010003981379496148	0.24149080361782826	-0.0025973336163441388	0.0049411696257738655
3,6,12	0.002053685289308931	0.0010003981379496148	0.040153767524667816	-0.001715566331750071	0.005822936910367933
3,7,8	0.003623199043253979	0.0010003981379496148	0.0002964336475292065	-0.00014605257780502283	0.007392450664312981
3,7,9	-0.001287334259468091	0.0010003981379496146	0.1982348074165053	-0.005056585880527092	0.00248191736159091
3,7,10	0.003201875708982214	0.0010003981379496148	0.0013827139246044152	-0.000567375912076788	0.006971127330041215
3,7,11	0.00037004302582940504	0.0010003981379496148	0.7114807928552807	-0.003399208595229597	0.004139294646888407
3,7,12	0.0022045776473956025	0.0010003981379496148	0.027605244668299868	-0.0015646739736633994	0.005973829268454604
3,8,9	0.003998879803864459	0.0010003981379496148	6.52894351412575e-05	0.00022962818280545692	0.00776813142492346
3,8,10	0.0015298257127602495	0.0010003981379496148	0.12629398794589902	-0.0022394259082987524	0.005299077333819251
3,8,11	-0.0017998646036710385	0.0010003981379496146	0.07207459971504838	-0.005569116224730039	0.0019693870173879626
3,8,12	0.0010617598897402682	0.0010003981379496148	0.2886041275690693	-0.0027074917313187337	0.004831011510799271
3,9,10	0.0023393299695773544	0.0010003981379496148	0.01941819535463639	-0.0014299216514816475	0.006108581590636356
3,9,11	0.0022505009224847152	0.0010003981379496148	0.024531068246402273	-0.0015187506985742867	0.006019752543543717
3,9,12	0.004897995646936221	0.0010003981379496148	1.018533559845003e-06	0.0011287440258772193	0.008667247267995223
3,10,11	0.00012940698072338996	0.0010003981379496148	0.897083225387137	-0.003639844640335612	0.003898658601782392
3,10,12	-0.00021618763940316286	0.0010003981379496148	0.8289201598402683	-0.003985439260462164	0.003553063981655839
3,11,12	-0.0004028646121922892	0.0010003981379496148	0.687188455374613	-0.0041721162332512916	0.0033663870088667127
4,5,6	-6.412789280880278e-05	0.0010003981379496148	0.94889208810157	-0.0038333795138678047	0.003705123728250199
4,5,7	-0.0016066720200921714	0.0010003981379496148	0.10834990231724807	-0.005375923641151173	0.0021625796009668305
4,5,8	-0.0022298941118277875	0.0010003981379496148	0.025871760219245487	-0.0059991457328867894	0.0015393575092312144
4,5,9	-7.304184400691149e-05	0.0010003981379496148	0.9417997974837476	-0.0038422934650659134	0.0036962097770520904
4,5,10	0.001046606267170554	0.0010003981379496148	0.2955400329501496	-0.002722645353888448	0.004815857888229556
4,5,11	0.0014834879280530653	0.0010003981379496148	0.13818462959346736	-0.0022857636930059366	0.005252739549112068
4,5,12	-0.0020498848048619775	0.0010003981379496148	0.04052395338250691	-0.00581913642592098	0.0017193668161970244
4,6,7	-0.001084878222369948	0.0010003981379496148	0.2782357433196262	-0.00485412984342895	0.002684373398689054
4,6,8	0.0007734842875893547	0.0010003981379496148	0.43946608645342267	-0.002995767333469647	0.004542735908648357
4,6,9	0.0012385321539990848	0.0010003981379496148	0.21577805260989869	-0.002530719467059917	0.005007783775058087
4,6,10	0.0005320302827339048	0.0010003981379496148	0.5948827895412601	-0.0032372213383250973	0.0043012819037929065
4,6,11	-0.00015546582873193424	0.0010003981379496148	0.876511125712895	-0.003924717449790937	0.0036137857923270677
4,6,12	-0.000895694115867372	0.0010003981379496148	0.370663374458188	-0.004664945736926374	0.00287355750519163
4,7,8	-0.0013448149034779246	0.0010003981379496148	0.17893826583486636	-0.0051140665245369265	0.0024244367175810773
4,7,9	-0.0012496730776122475	0.0010003981379496148	0.21167780752765283	-0.0050189246986712495	0.0025195785434467544
4,7,10	-0.0014209686500276531	0.0010003981379496148	0.15557245683181564	-0.0051902202710866555	0.002348282971031349
4,7,11	-0.00040106769453472895	0.0010003981379496148	0.6885103602356256	-0.00417031931559373	0.003368183926524273
4,7,12	-4.0476862493385966e-05	0.0010003981379496148	0.9677279227756812	-0.003809728483552388	0.003728774758565616
4,8,9	0.0010582225639602606	0.0010003981379496148	0.29021327960044313	-0.0027110290570987413	0.004827474185019262
4,8,10	0.0003387664495755659	0.0010003981379496148	0.7349059775292544	-0.003430485171483436	0.004108018070634567
4,8,11	-0.0021129754234786094	0.0010003981379496148	0.034740049121349516	-0.005882227044537612	0.0016562761975803925
4,8,12	0.0002800051345283284	0.0010003981379496148	0.7795743083716404	-0.0034892464865306735	0.00404925675558733
4,9,10	7.269886343123965e-05	0.0010003981379496148	0.9420726045774684	-0.0036965527576277623	0.0038419504844902416
4,9,11	0.0006111804637596637	0.0010003981379496148	0.5412777079416946	-0.003158071157299338	0.004380432084818666
4,9,12	0.0002039163774173701	0.0010003981379496148	0.8384931902564143	-0.003565335243641632	0.0039731679984763724
4,10,11	0.0010213290902786614	0.0010003981379496148	0.307356141681317	-0.0027479225307803406	0.004790580711337663
4,10,12	-0.00014146636249400858	0.0010003981379496148	0.8875535077299181	-0.003910717983553011	0.0036277852585649933
4,11,12	-0.0028888028535689046	0.0010003981379496148	0.0039032133783526084	-0.0066580544746279065	0.0008804487674900973
5,6,7	-0.0028605998525533163	0.0010003981379496148	0.004266756821810301	-0.006629851473612319	0.0009086517685056856
5,6,8	0.0010578247329114019	0.0010003981379496148	0.29039463264368465	-0.0027114268881476	0.004827076353970404
5,6,9	0.0011005565147023046	0.0010003981379496148	0.27135022831582756	-0.0026686951063566973	0.0048698081357613065
5,6,10	0.002264542210785336	0.0010003981379496148	0.023652408693903223	-0.001504709410273666	0.006033793831844337
5,6,11	-0.00016573038443355465	0.0010003981379496148	0.8684298618731521	-0.003934982005492556	0.0036035212366254473
5,6,12	0.0013176768550274163	0.0010003981379496148	0.1878670101904641	-0.0024515747660315856	0.005086928476086418
5,7,8	-0.005299661527197732	0.0010003981379496148	1.2403004215367658e-07	-0.009068913148256735	-0.0015304099061387304
5,7,9	-0.001050377639767178	0.0010003981379496148	0.2938035038255361	-0.00481962926082618	0.002718873981291824
5,7,10	-0.0005186589200425681	0.0010003981379496148	0.6041728001854778	-0.0042879105411015705	0.0032505927010164338
5,7,11	-0.00025318701785383656	0.0010003981379496148	0.8002152612604101	-0.004022438638912838	0.0035160646032051652
5,7,12	-0.0006654256242740655	0.0010003981379496148	0.5059880497550114	-0.004434677245333068	0.0031038259967849364
5,8,9	-0.0002759929926032349	0.0010003981379496148	0.7826528272837172	-0.004045244613662237	0.003493258628455767
5,8,10	-0.0006020324101889865	0.0010003981379496148	0.5473479889201456	-0.004371284031247988	0.0031672192108700157
5,8,11	0.000559574363567324	0.0010003981379496148	0.5759547326889334	-0.003209677257491678	0.004328825984626326
5,8,12	0.001454025393959028	0.0010003981379496148	0.14618240378554237	-0.002315226227099974	0.00522327701501803
5,9,10	0.0015819879125331514	0.0010003981379496148	0.11387942234938418	-0.0021872637085258505	0.005351239533592154
5,9,11	0.0009447326913114653	0.0010003981379496148	0.3450474826081028	-0.0028245189297475366	0.004713984312370467
5,9,12	-0.0005257817576979789	0.0010003981379496148	0.5992159530398686	-0.004295033378756981	0.003243469863361023
5,10,11	0.00013236376839727108	0.0010003981379496148	0.8947452463097179	-0.003636887852661731	0.003901615389456273
5,10,12	0.001858275489063485	0.0010003981379496148	0.06331230924972012	-0.001910976131995517	0.005627527110122487
5,11,12	-0.0013258093369302672	0.0010003981379496148	0.18515747680593814	-0.005095060957989269	0.002443442284128735
6,7,8	-0.0021944386272569685	0.0010003981379496148	0.028327093551655514	-0.005963690248315971	0.0015748129938020334
6,7,9	-0.0021122298923311744	0.0010003981379496148	0.034804043427102166	-0.005881481513390177	0.0016570217287278275
6,7,10	-0.00032360288718966384	0.0010003981379496148	0.7463540333761995	-0.004092854508248665	0.003445648733869338
6,7,11	0.004239438976987904	0.0010003981379496148	2.311334017649774e-05	0.00047018735592890175	0.008008690598046906
6,7,12	-0.0009116189876972021	0.0010003981379496148	0.3622182549822133	-0.004680870608756204	0.0028576326333617998
6,8,9	-0.0009367835188452732	0.0010003981379496148	0.349121324736987	-0.004706035139904275	0.0028324681022137287
6,8,10	0.0005246479109803507	0.0010003981379496148	0.6000037726725994	-0.0032446037100786512	0.004293899532039352
6,8,11	0.00018184095771699334	0.0010003981379496148	0.8557740389349102	-0.0035874106633420086	0.003951092578775996
6,8,12	0.0038822544005523325	0.0010003981379496148	0.00010592000146191695	0.00011300277949333063	0.007651506021611335
6,9,10	0.00010243473367938221	0.0010003981379496148	0.918449379285942	-0.0036668168873796197	0.003871686354738384
6,9,11	-8.384505854123689e-05	0.0010003981379496148	0.9332105716958776	-0.003853096679600239	0.003685406562517765
6,9,12	-0.001543097367269848	0.0010003981379496148	0.12303953822726123	-0.00531234898832885	0.002226154253789154
6,10,11	0.0012728690921741522	0.0010003981379496148	0.20332225669638565	-0.0024963825288848497	0.005042120713233154
6,10,12	0.00021506715358773389	0.0010003981379496148	0.8297932399096474	-0.003554184467471268	0.003984318774646736
6,11,12	0.0005815192534380977	0.0010003981379496148	0.5610809909789366	-0.003187732367620904	0.0043507708744971
7,8,9	0.0009324267004617486	0.0010003981379496148	0.351367044650856	-0.0028368249205972533	0.00470167832152075
7,8,10	0.0017569698427373518	0.0010003981379496148	0.07912282310030835	-0.00201228177832165	0.005526221463796353
7,8,11	0.0011958218687163858	0.0010003981379496148	0.23202654184435756	-0.002573429752342616	0.004965073489775387
7,8,12	0.00576410147605459	0.0010003981379496148	8.982901443542845e-09	0.0019948498549955877	0.009533353097113591
7,9,10	0.0010706050315439876	0.0010003981379496148	0.28460678924183475	-0.0026986465895150144	0.004839856652602989
7,9,11	0.0007290999230970289	0.0010003981379496148	0.4661629909958026	-0.003040151697961973	0.00449835154415603
7,9,12	-0.0022237844714102064	0.0010003981379496148	0.026281246574957524	-0.005993036092469208	0.0015454671496487955
7,10,11	-0.0021284984294864927	0.0010003981379496148	0.033430258659539455	-0.005897750050545495	0.0016407531915725092
7,10,12	0.0017113363321416201	0.0010003981379496148	0.08722645682005395	-0.0020579152889173818	0.005480587953200622
7,11,12	0.001461238249660643	0.0010003981379496148	0.14419241413181658	-0.002308013371398359	0.005230489870719645
8,9,10	-7.747080688656153e-05	0.0010003981379496148	0.9382776209505985	-0.0038467224279455634	0.0036917808141724404
8,9,11	0.002938334367226199	0.0010003981379496148	0.003332194980761453	-0.0008309172538328029	0.0067075859882852005
8,9,12	0.00021597226320892345	0.0010003981379496148	0.8290879641186306	-0.0035532793578500785	0.003985223884267926
8,10,11	0.0017478604150207577	0.0010003981379496148	0.0806895991400816	-0.002021391206038244	0.00551711203607976
8,10,12	-0.00027887574406298054	0.0010003981379496148	0.7804405429701621	-0.0040481273651219825	0.0034903758769960214
8,11,12	-5.970930968510896e-05	0.0010003981379496146	0.9524092243304018	-0.00382896093074411	0.003709542311373892
9,10,11	0.0008314329527527465	0.0010003981379496148	0.4059682344476939	-0.0029378186683062554	0.004600684573811749
9,10,12	0.0008386077059644639	0.0010003981379496148	0.40192962414815814	-0.002930643915094538	0.004607859327023466
9,11,12	-0.0017774149509452398	0.0010003981379496148	0.07569641178950635	-0.005546666572004241	0.001991836670113762
10,11,12	0.0008434745090329454	0.0010003981379496148	0.39920391690772283	-0.0029257771120260565	0.004612726130091947
