TITLE
DATA TYPE
ORIGIN	JASCO
OWNER
DATE	26/02/10
TIME	10:42:39
SPECTROMETER/DATA SYSTEM
LOCALE	1045
RESOLUTION
DELTAX	-0,1
XUNITS	NANOMETERS
YUNITS	Mol. Ellip.
Y2UNITS	HT [V]
FIRSTX	  260,0000
LASTX	  180,0000
NPOINTS	     801
FIRSTY	    70,20676
MAXY	 22974,76367
MINY	-11725,51855
XYDATA
260,0000	70,2068	272,808
259,9000	67,8458	272,845
259,8000	64,7746	272,897
259,7000	60,627	272,938
259,6000	58,2766	272,999
259,5000	55,1399	273,049
259,4000	51,9367	273,102
259,3000	47,0255	273,158
259,2000	42,1559	273,216
259,1000	37,0078	273,278
259,0000	32,9683	273,331
258,9000	28,8651	273,392
258,8000	25,0382	273,442
258,7000	21,8913	273,503
258,6000	19,2422	273,565
258,5000	14,8402	273,629
258,4000	8,62496	273,688
258,3000	4,07752	273,749
258,2000	-1,66099	273,799
258,1000	-5,38939	273,843
258,0000	-8,88113	273,897
257,9000	-12,0298	273,937
257,8000	-14,1469	273,988
257,7000	-14,9576	274,033
257,6000	-18,6714	274,081
257,5000	-20,3952	274,128
257,4000	-22,1296	274,174
257,3000	-22,9121	274,227
257,2000	-22,2054	274,279
257,1000	-22,8458	274,325
257,0000	-23,4867	274,37
256,9000	-22,1977	274,417
256,8000	-18,7558	274,464
256,7000	-14,476	274,511
256,6000	-9,12248	274,558
256,5000	-6,10096	274,617
256,4000	-2,20975	274,671
256,3000	0,260943	274,721
256,2000	0,92145	274,78
256,1000	2,50336	274,838
256,0000	6,02923	274,917
255,9000	11,0992	274,97
255,8000	15,6375	275,018
255,7000	20,1072	275,079
255,6000	24,0359	275,127
255,5000	26,2418	275,172
255,4000	27,3164	275,225
255,3000	28,9596	275,281
255,2000	30,8059	275,332
255,1000	31,529	275,386
255,0000	30,8438	275,436
254,9000	32,3099	275,484
254,8000	33,2457	275,526
254,7000	34,7074	275,582
254,6000	36,8522	275,633
254,5000	39,0605	275,681
254,4000	37,5558	275,745
254,3000	34,8189	275,805
254,2000	30,8647	275,89
254,1000	24,6286	275,951
254,0000	19,5917	276,011
253,9000	13,5323	276,063
253,8000	9,8789	276,112
253,7000	7,60118	276,17
253,6000	3,07766	276,219
253,5000	-2,3843	276,268
253,4000	-7,9511	276,324
253,3000	-14,4147	276,378
253,2000	-22,5226	276,434
253,1000	-29,9993	276,498
253,0000	-34,5724	276,534
252,9000	-38,0325	276,579
252,8000	-41,3875	276,624
252,7000	-42,1353	276,674
252,6000	-43,0474	276,719
252,5000	-42,2517	276,768
252,4000	-43,7818	276,802
252,3000	-44,649	276,832
252,2000	-46,5277	276,885
252,1000	-48,5748	276,932
252,0000	-49,0923	276,982
251,9000	-47,3419	277,024
251,8000	-44,7391	277,077
251,7000	-41,764	277,115
251,6000	-36,5809	277,152
251,5000	-29,8777	277,197
251,4000	-24,8163	277,245
251,3000	-21,2824	277,292
251,2000	-19,0212	277,338
251,1000	-13,8692	277,38
251,0000	-9,1266	277,421
250,9000	-4,2442	277,463
250,8000	1,55808	277,507
250,7000	7,75322	277,548
250,6000	12,7212	277,58
250,5000	15,7434	277,62
250,4000	17,8378	277,661
250,3000	19,8307	277,711
250,2000	18,9338	277,756
250,1000	19,1463	277,791
250,0000	17,0799	277,828
249,9000	15,1291	277,867
249,8000	10,4592	277,903
249,7000	3,9507	277,94
249,6000	-2,29466	277,983
249,5000	-8,10783	278,025
249,4000	-15,5414	278,06
249,3000	-22,0936	278,097
249,2000	-29,4417	278,123
249,1000	-38,5933	278,15
249,0000	-48,498	278,187
248,9000	-56,9219	278,222
248,8000	-64,0027	278,274
248,7000	-71,2767	278,31
248,6000	-80,943	278,333
248,5000	-89,4516	278,368
248,4000	-96,1628	278,418
248,3000	-103,836	278,451
248,2000	-109,251	278,486
248,1000	-115,7	278,525
248,0000	-118,765	278,548
247,9000	-122,902	278,576
247,8000	-127,98	278,612
247,7000	-133,217	278,651
247,6000	-139,769	278,686
247,5000	-145,305	278,718
247,4000	-149,19	278,763
247,3000	-149,852	278,786
247,2000	-149,658	278,813
247,1000	-151,087	278,85
247,0000	-154,829	278,881
246,9000	-155,616	278,917
246,8000	-160,198	278,951
246,7000	-164,908	278,989
246,6000	-170,17	279,024
246,5000	-177,718	279,056
246,4000	-184,982	279,085
246,3000	-194,672	279,122
246,2000	-202,558	279,151
246,1000	-209,616	279,183
246,0000	-217,796	279,204
245,9000	-226,806	279,236
245,8000	-233,985	279,259
245,7000	-242,499	279,288
245,6000	-250,928	279,326
245,5000	-261,236	279,366
245,4000	-271,213	279,392
245,3000	-281,713	279,429
245,2000	-293,738	279,471
245,1000	-304,038	279,502
245,0000	-316,703	279,535
244,9000	-329,968	279,567
244,8000	-344,371	279,604
244,7000	-356,791	279,626
244,6000	-366,954	279,658
244,5000	-376,137	279,689
244,4000	-388,693	279,724
244,3000	-397,713	279,764
244,2000	-408,186	279,804
244,1000	-419,193	279,841
244,0000	-428,831	279,876
243,9000	-438,515	279,914
243,8000	-447,322	279,942
243,7000	-455,399	279,985
243,6000	-462,34	280,022
243,5000	-466,476	280,047
243,4000	-470,646	280,087
243,3000	-474,771	280,119
243,2000	-479,625	280,155
243,1000	-483,615	280,19
243,0000	-490,101	280,228
242,9000	-495,444	280,273
242,8000	-499,817	280,314
242,7000	-503,042	280,364
242,6000	-506,371	280,404
242,5000	-508,931	280,45
242,4000	-516,322	280,492
242,3000	-523,985	280,539
242,2000	-534,161	280,58
242,1000	-548,117	280,638
242,0000	-562,539	280,687
241,9000	-577,137	280,732
241,8000	-595,224	280,779
241,7000	-612,209	280,834
241,6000	-628,34	280,873
241,5000	-645,322	280,92
241,4000	-663,401	280,975
241,3000	-686,095	281,019
241,2000	-712,141	281,081
241,1000	-740,168	281,142
241,0000	-771,888	281,198
240,9000	-803,74	281,257
240,8000	-837,701	281,319
240,7000	-871,589	281,371
240,6000	-907,634	281,435
240,5000	-943,139	281,501
240,4000	-979,777	281,559
240,3000	-1018,41	281,612
240,2000	-1054,51	281,681
240,1000	-1092,53	281,757
240,0000	-1130,14	281,819
239,9000	-1165,84	281,893
239,8000	-1202,7	281,957
239,7000	-1236,9	282,029
239,6000	-1270,63	282,097
239,5000	-1305,41	282,158
239,4000	-1340,09	282,226
239,3000	-1373,81	282,297
239,2000	-1408,8	282,36
239,1000	-1443,55	282,449
239,0000	-1480,28	282,522
238,9000	-1516,62	282,592
238,8000	-1548,25	282,684
238,7000	-1580,46	282,77
238,6000	-1612,61	282,857
238,5000	-1645,96	282,946
238,4000	-1682,78	283,034
238,3000	-1719,32	283,108
238,2000	-1756,95	283,191
238,1000	-1794,47	283,278
238,0000	-1831,35	283,365
237,9000	-1868,34	283,452
237,8000	-1907,26	283,537
237,7000	-1950,48	283,629
237,6000	-1994,45	283,708
237,5000	-2040,67	283,773
237,4000	-2088,73	283,865
237,3000	-2136,29	283,944
237,2000	-2187,91	284,028
237,1000	-2239,32	284,124
237,0000	-2291,3	284,207
236,9000	-2344,96	284,29
236,8000	-2400,46	284,375
236,7000	-2454,68	284,467
236,6000	-2510,81	284,561
236,5000	-2566,31	284,655
236,4000	-2625,85	284,772
236,3000	-2687,4	284,86
236,2000	-2749,8	284,959
236,1000	-2811,74	285,075
236,0000	-2873,04	285,173
235,9000	-2931,97	285,252
235,8000	-2992,24	285,345
235,7000	-3050,89	285,443
235,6000	-3110,27	285,543
235,5000	-3172,88	285,623
235,4000	-3235,32	285,726
235,3000	-3297,79	285,828
235,2000	-3360,5	285,933
235,1000	-3423,88	286,034
235,0000	-3488,73	286,133
234,9000	-3553,66	286,183
234,8000	-3620,04	286,313
234,7000	-3684,09	286,414
234,6000	-3749,34	286,517
234,5000	-3815,21	286,625
234,4000	-3878,94	286,736
234,3000	-3942,88	286,841
234,2000	-4013,89	286,953
234,1000	-4085,6	287,061
234,0000	-4158,09	287,179
233,9000	-4228,79	287,265
233,8000	-4301,18	287,371
233,7000	-4373,2	287,477
233,6000	-4445,16	287,596
233,5000	-4517,21	287,706
233,4000	-4591,34	287,818
233,3000	-4664,94	287,928
233,2000	-4741,32	288,045
233,1000	-4819,2	288,164
233,0000	-4895,64	288,312
232,9000	-4971,93	288,437
232,8000	-5049,33	288,553
232,7000	-5127,46	288,706
232,6000	-5204,4	288,827
232,5000	-5278,15	288,99
232,4000	-5352,23	289,114
232,3000	-5427,12	289,206
232,2000	-5504,91	289,335
232,1000	-5581,31	289,426
232,0000	-5659,26	289,548
231,9000	-5740	289,671
231,8000	-5821,42	289,795
231,7000	-5896,82	289,89
231,6000	-5971,17	290,019
231,5000	-6046,37	290,108
231,4000	-6120,91	290,227
231,3000	-6194,03	290,322
231,2000	-6267,45	290,445
231,1000	-6343,45	290,559
231,0000	-6421,42	290,678
230,9000	-6500,33	290,791
230,8000	-6579,88	290,898
230,7000	-6660,35	291,001
230,6000	-6738,08	291,11
230,5000	-6819,05	291,217
230,4000	-6902,21	291,326
230,3000	-6983,34	291,438
230,2000	-7063,21	291,545
230,1000	-7146,13	291,664
230,0000	-7234,51	291,781
229,9000	-7322,38	291,899
229,8000	-7410,27	292,026
229,7000	-7498,21	292,16
229,6000	-7587,88	292,289
229,5000	-7674,75	292,425
229,4000	-7758,75	292,599
229,3000	-7840,17	292,733
229,2000	-7923,01	292,88
229,1000	-8007,4	293,03
229,0000	-8089,23	293,178
228,9000	-8171,46	293,323
228,8000	-8256,87	293,491
228,7000	-8340,6	293,601
228,6000	-8421,33	293,752
228,5000	-8500,18	293,91
228,4000	-8576,7	294,062
228,3000	-8653,12	294,207
228,2000	-8727,54	294,321
228,1000	-8803,66	294,471
228,0000	-8875,19	294,608
227,9000	-8945,07	294,751
227,8000	-9015,63	294,89
227,7000	-9085,74	295,031
227,6000	-9152,11	295,206
227,5000	-9214,05	295,339
227,4000	-9276,01	295,479
227,3000	-9334,01	295,622
227,2000	-9389,87	295,767
227,1000	-9443,1	295,896
227,0000	-9498,13	296,035
226,9000	-9555,16	296,186
226,8000	-9613,05	296,327
226,7000	-9668,71	296,47
226,6000	-9721,28	296,62
226,5000	-9771,89	296,725
226,4000	-9823,08	296,866
226,3000	-9870,68	297,014
226,2000	-9920,65	297,157
226,1000	-9969,61	297,296
226,0000	-10018,7	297,442
225,9000	-10069	297,598
225,8000	-10117,9	297,746
225,7000	-10165,1	297,894
225,6000	-10212	298,038
225,5000	-10260,9	298,153
225,4000	-10307,9	298,296
225,3000	-10350,4	298,445
225,2000	-10393,5	298,588
225,1000	-10435,2	298,731
225,0000	-10474,6	298,873
224,9000	-10512,9	299,018
224,8000	-10556,2	299,16
224,7000	-10599,4	299,318
224,6000	-10641,3	299,471
224,5000	-10680,6	299,625
224,4000	-10717,3	299,776
224,3000	-10748,6	299,926
224,2000	-10779,8	300,074
224,1000	-10809,8	300,224
224,0000	-10840,8	300,375
223,9000	-10869,5	300,523
223,8000	-10897,3	300,676
223,7000	-10920,7	300,832
223,6000	-10943,7	301,017
223,5000	-10967,2	301,173
223,4000	-10988,3	301,327
223,3000	-11009,4	301,487
223,2000	-11028	301,692
223,1000	-11041,5	301,846
223,0000	-11052,2	302,009
222,9000	-11064	302,169
222,8000	-11075,4	302,333
222,7000	-11084,9	302,494
222,6000	-11100,6	302,651
222,5000	-11116,8	302,82
222,4000	-11132,8	302,987
222,3000	-11144,4	303,156
222,2000	-11151,9	303,324
222,1000	-11164,7	303,49
222,0000	-11177,8	303,619
221,9000	-11191,5	303,786
221,8000	-11207,3	303,948
221,7000	-11221,3	304,112
221,6000	-11236,2	304,274
221,5000	-11251,9	304,43
221,4000	-11265	304,588
221,3000	-11276,8	304,746
221,2000	-11291,9	304,903
221,1000	-11308,4	305,057
221,0000	-11322,8	305,216
220,9000	-11338,7	305,382
220,8000	-11353,9	305,537
220,7000	-11371,4	305,695
220,6000	-11390	305,847
220,5000	-11407,6	306,004
220,4000	-11423,6	306,16
220,3000	-11441,7	306,317
220,2000	-11457,9	306,43
220,1000	-11469,4	306,586
220,0000	-11481,2	306,737
219,9000	-11491,7	306,889
219,8000	-11502	307,04
219,7000	-11516,6	307,237
219,6000	-11527,3	307,393
219,5000	-11538,1	307,547
219,4000	-11549,1	307,702
219,3000	-11557,6	307,856
219,2000	-11563,8	308,007
219,1000	-11568,5	308,166
219,0000	-11573,1	308,321
218,9000	-11577,3	308,478
218,8000	-11583,8	308,631
218,7000	-11588,1	308,797
218,6000	-11588,9	308,955
218,5000	-11591,1	309,116
218,4000	-11591,8	309,283
218,3000	-11590	309,454
218,2000	-11587,1	309,623
218,1000	-11585,1	309,791
218,0000	-11580,1	309,952
217,9000	-11573	310,119
217,8000	-11564	310,33
217,7000	-11556,9	310,503
217,6000	-11549,1	310,714
217,5000	-11538,3	310,885
217,4000	-11528,4	311,054
217,3000	-11519,1	311,183
217,2000	-11509,9	311,4
217,1000	-11499,7	311,567
217,0000	-11487,4	311,74
216,9000	-11474,7	311,912
216,8000	-11463,7	312,081
216,7000	-11456,9	312,249
216,6000	-11452,1	312,384
216,5000	-11448	312,56
216,4000	-11445,3	312,738
216,3000	-11440,4	312,905
216,2000	-11437,6	313,079
216,1000	-11435,8	313,253
216,0000	-11431,2	313,421
215,9000	-11426	313,602
215,8000	-11424,5	313,73
215,7000	-11424,1	313,902
215,6000	-11424,3	314,079
215,5000	-11422	314,253
215,4000	-11420,1	314,426
215,3000	-11418	314,606
215,2000	-11418,3	314,784
215,1000	-11420,3	314,913
215,0000	-11423,7	315,092
214,9000	-11423,8	315,318
214,8000	-11420,2	315,49
214,7000	-11414,8	315,667
214,6000	-11408,1	315,862
214,5000	-11402	316,047
214,4000	-11398	316,176
214,3000	-11395,2	316,363
214,2000	-11389,6	316,545
214,1000	-11381,1	316,726
214,0000	-11369,9	316,914
213,9000	-11360	317,099
213,8000	-11353	317,287
213,7000	-11345,1	317,477
213,6000	-11341,7	317,677
213,5000	-11337,4	317,869
213,4000	-11331,8	318,066
213,3000	-11326,8	318,262
213,2000	-11320,4	318,463
213,1000	-11315,6	318,659
213,0000	-11315,3	318,866
212,9000	-11319,5	319,076
212,8000	-11322,3	319,29
212,7000	-11324	319,453
212,6000	-11324,2	319,669
212,5000	-11325,3	319,883
212,4000	-11326,3	320,109
212,3000	-11329,2	320,324
212,2000	-11334,5	320,544
212,1000	-11344,6	320,768
212,0000	-11356,5	321,049
211,9000	-11365,9	321,277
211,8000	-11375	321,51
211,7000	-11384,6	321,742
211,6000	-11398,4	322,037
211,5000	-11415,4	322,288
211,4000	-11432,3	322,534
211,3000	-11446,5	322,77
211,2000	-11462,9	323
211,1000	-11476,6	323,306
211,0000	-11488,7	323,554
210,9000	-11504,4	323,809
210,8000	-11521,3	324,074
210,7000	-11539,9	324,331
210,6000	-11557,2	324,599
210,5000	-11577,2	324,866
210,4000	-11591,7	325,058
210,3000	-11607,8	325,328
210,2000	-11619,5	325,591
210,1000	-11632,7	325,859
210,0000	-11645,9	326,131
209,9000	-11663	326,396
209,8000	-11679,7	326,674
209,7000	-11693,9	326,951
209,6000	-11703,7	327,23
209,5000	-11708,2	327,524
209,4000	-11713,7	327,812
209,3000	-11720,6	328,095
209,2000	-11724,6	328,38
209,1000	-11725,5	328,674
209,0000	-11720,5	328,974
208,9000	-11712,3	329,356
208,8000	-11703,9	329,657
208,7000	-11687	329,97
208,6000	-11670,7	330,299
208,5000	-11653,6	330,618
208,4000	-11632,7	330,948
208,3000	-11600,3	331,267
208,2000	-11566,5	331,603
208,1000	-11530,2	331,932
208,0000	-11490,5	332,362
207,9000	-11453,2	332,706
207,8000	-11409	333,052
207,7000	-11364,3	333,415
207,6000	-11314,3	333,869
207,5000	-11259,9	334,225
207,4000	-11202,5	334,596
207,3000	-11137,3	334,955
207,2000	-11069,1	335,342
207,1000	-10993,9	335,726
207,0000	-10919,6	336,197
206,9000	-10839	336,587
206,8000	-10749,6	336,982
206,7000	-10659,2	337,382
206,6000	-10562,1	337,883
206,5000	-10458	338,288
206,4000	-10348	338,699
206,3000	-10230,1	339,113
206,2000	-10109,1	339,532
206,1000	-9981,16	340,056
206,0000	-9850,2	340,377
205,9000	-9713,67	340,813
205,8000	-9573,91	341,245
205,7000	-9431,71	341,684
205,6000	-9284,8	342,126
205,5000	-9132,97	342,569
205,4000	-8969,81	343,028
205,3000	-8807,7	343,603
205,2000	-8639,17	344,07
205,1000	-8467,82	344,541
205,0000	-8291,04	345,131
204,9000	-8107,73	345,613
204,8000	-7921,26	346,107
204,7000	-7729,06	346,731
204,6000	-7533,35	347,238
204,5000	-7332,01	347,745
204,4000	-7125,98	348,127
204,3000	-6917,9	348,636
204,2000	-6706,64	349,153
204,1000	-6490,67	349,684
204,0000	-6273,44	350,353
203,9000	-6054,94	350,752
203,8000	-5832,43	351,296
203,7000	-5606,13	351,839
203,6000	-5378,96	352,521
203,5000	-5148,25	353,083
203,4000	-4911,08	353,8
203,3000	-4675,92	354,373
203,2000	-4434,64	355,091
203,1000	-4188,45	355,675
203,0000	-3942,79	356,264
202,9000	-3695,38	356,865
202,8000	-3436,59	357,624
202,7000	-3171,24	358,238
202,6000	-2901,77	358,859
202,5000	-2632,18	359,473
202,4000	-2356,3	360,102
202,3000	-2076,26	360,738
202,2000	-1788,5	361,532
202,1000	-1498,45	362,183
202,0000	-1201,75	362,838
201,9000	-902,973	363,487
201,8000	-600,314	364,153
201,7000	-289,475	364,829
201,6000	24,8773	365,685
201,5000	341,287	366,369
201,4000	665,254	367,055
201,3000	993,905	367,749
201,2000	1330	368,445
201,1000	1670,12	369,159
201,0000	2017,68	370,059
200,9000	2369,85	370,798
200,8000	2723,52	371,523
200,7000	3077,31	372,265
200,6000	3426,38	373,015
200,5000	3780,83	373,769
200,4000	4137,7	374,528
200,3000	4494,37	375,485
200,2000	4845,08	376,251
200,1000	5197,78	377,016
200,0000	5555,08	377,984
199,9000	5917,31	378,775
199,8000	6282,72	379,57
199,7000	6645,12	380,567
199,6000	7009,16	381,378
199,5000	7373,91	382,184
199,4000	7746,72	382,99
199,3000	8122,5	383,798
199,2000	8494,56	384,618
199,1000	8869,49	385,845
199,0000	9245,6	386,684
198,9000	9615,6	387,728
198,8000	9989,51	388,576
198,7000	10360,6	389,648
198,6000	10737,1	390,728
198,5000	11106,9	391,601
198,4000	11471,6	392,471
198,3000	11830,7	393,329
198,2000	12192,7	394,429
198,1000	12558,5	395,31
198,0000	12920,2	396,189
197,9000	13274,8	397,082
197,8000	13621	398,204
197,7000	13971,3	399,112
197,6000	14319,7	400,246
197,5000	14672,2	401,146
197,4000	15019,8	402,287
197,3000	15356,6	403,2
197,2000	15698,5	404,339
197,1000	16031,1	405,253
197,0000	16356,9	406,398
196,9000	16671,5	407,317
196,8000	16976,1	408,491
196,7000	17274,2	409,658
196,6000	17563,4	410,831
196,5000	17837	412,017
196,4000	18105,7	412,96
196,3000	18360,3	414,148
196,2000	18602,2	415,341
196,1000	18831	416,539
196,0000	19058,9	417,741
195,9000	19280,8	418,945
195,8000	19496	419,903
195,7000	19700	421,108
195,6000	19893,6	422,067
195,5000	20079,9	423,021
195,4000	20266,9	424,213
195,3000	20452,6	425,159
195,2000	20626	426,094
195,1000	20795,5	427,04
195,0000	20955,1	428,208
194,9000	21104,7	429,143
194,8000	21244,8	430,317
194,7000	21371,7	431,494
194,6000	21484,8	432,673
194,5000	21593,9	433,851
194,4000	21709	435,051
194,3000	21814,3	436,013
194,2000	21919,3	437,225
194,1000	22015,7	438,211
194,0000	22117,9	439,213
193,9000	22209,5	440,216
193,8000	22292,7	441,485
193,7000	22370,5	442,524
193,6000	22452,7	443,816
193,5000	22529,8	444,863
193,4000	22608,7	446,18
193,3000	22681,7	447,502
193,2000	22755,7	448,821
193,1000	22810	450,144
193,0000	22865	451,459
192,9000	22904,1	452,779
192,8000	22937	454,094
192,7000	22957,1	455,152
192,6000	22969,2	456,725
192,5000	22973,4	457,785
192,4000	22974,8	459,117
192,3000	22959,1	460,448
192,2000	22934,9	461,797
192,1000	22919,5	463,166
192,0000	22894,9	464,563
191,9000	22855,9	465,987
191,8000	22823,6	467,439
191,7000	22776,1	468,932
191,6000	22731,8	470,448
191,5000	22672,4	472,314
191,4000	22623,3	473,905
191,3000	22570,1	475,522
191,2000	22520,9	477,477
191,1000	22452,8	479,109
191,0000	22383,7	480,745
190,9000	22289,5	482,705
190,8000	22187,1	484,313
190,7000	22077,3	485,923
190,6000	21984	487,512
190,5000	21874,1	488,784
190,4000	21751	490,356
190,3000	21612,6	492,25
190,2000	21471,3	493,53
190,1000	21320	495,477
190,0000	21141,5	496,789
189,9000	20962	498,828
189,8000	20789,6	500,585
189,7000	20611,1	502,404
189,6000	20417,9	504,284
189,5000	20211,5	506,64
189,4000	19981,6	508,665
189,3000	19761,5	510,761
189,2000	19527,4	513,334
189,1000	19276,7	515,515
189,0000	19026,4	518,157
188,9000	18760,6	520,346
188,8000	18515,7	523,406
188,7000	18242,7	525,561
188,6000	17982,4	528,125
188,5000	17712,2	530,679
188,4000	17447,8	533,22
188,3000	17204,7	535,781
188,2000	16956,5	538,381
188,1000	16714,1	541,526
188,0000	16484,9	544,346
187,9000	16288,9	547,306
187,8000	16083,5	550,439
187,7000	15928,2	553,162
187,6000	15784	556,004
187,5000	15639,3	558,943
187,4000	15491,3	561,971
187,3000	15299,9	565,052
187,2000	15131,8	568,171
187,1000	14942,9	570,677
187,0000	14735,7	573,189
186,9000	14551,3	576,908
186,8000	14325,4	579,363
186,7000	14075,1	581,786
186,6000	13786,6	585,372
186,5000	13517,7	588,895
186,4000	13228,4	592,397
186,3000	12952,7	596,488
186,2000	12675,4	600,7
186,1000	12372,5	605,822
186,0000	12090	609,94
185,9000	11788,2	615,829
185,8000	11460,8	620,561
185,7000	11140,5	627,299
185,6000	10859,7	633,53
185,5000	10579,2	639,992
185,4000	10269	645,693
185,3000	9903,38	652,386
185,2000	9482,23	658,105
185,1000	9046,54	663,737
185,0000	8623,06	669,273
184,9000	8184,77	674,77
184,8000	7749,16	680,263
184,7000	7317,93	685,789
184,6000	6918,47	692,434
184,5000	6499,35	698,443
184,4000	6042,56	706,946
184,3000	5609,03	714,944
184,2000	5278,67	726,029
184,1000	5025,54	738,012
184,0000	4744,9	747,906
183,9000	4475,07	758,243
183,8000	4150,05	767,367
183,7000	3825,9	775,05
183,6000	3502,21	784,358
183,5000	3149,71	793,662
183,4000	2866,46	803,02
183,3000	2633,99	815,639
183,2000	2416,68	826,961
183,1000	2173,13	837,057
183,0000	1882,55	851,345
182,9000	1558,89	862,723
182,8000	1372,4	878,886
182,7000	1261,26	893,972
182,6000	1207,23	907,629
182,5000	1196,87	919,5
182,4000	1217,07	934,278
182,3000	1294,06	946,907
182,2000	1327,23	959,659
182,1000	1347,72	974,916
182,0000	1411,93	987,411
181,9000	1531,35	999,415
181,8000	1680,99	1010,66
181,7000	1766,17	1022,91
181,6000	1735,7	1032,03
181,5000	1710,94	1041,64
181,4000	1668,02	1048,5
181,3000	1631,94	1055,4
181,2000	1617,68	1061,63
181,1000	1626,49	1065,99
181,0000	1649,09	1068,81
180,9000	1631,26	1070,26
180,8000	1582,32	1070,77
180,7000	1521,52	1070,92
180,6000	1445,2	1071,01
180,5000	1417,53	1071,1
180,4000	1439,15	1071,17
180,3000	1401,88	1071,23
180,2000	1308,8	1071,27
180,1000	1173,72	1071,32
180,0000	1009,85	1071,36

##### Extended Information
[Comments]
Sample name	AncCQ SBD
Comment
User
Division
Company	Uniwersytet Gdanski

[Detailed Information]
Creation date	2026-02-10 10:42

Data array type	Linear data array * 2
Horizontal axis	Wavelength [nm]
Vertical axis(1)	Mol. Ellip.
Vertical axis(2)	HT [V]
Start	260 nm
End	180 nm
Data interval	0,1 nm
Data points	801

[Measurement Information]
Instrument name	J-1500
Model name	J-1500
Serial No.	A026061638

Detector	PM-539
Detector S/N	A0260PM539
  Lock-in amp.	X mode
  HT volt	Auto

Accessory	PTC-517
Accessory S/N	A013061646
  Temperature	20.04 C
  Control sonsor	Holder
  Monitor sensor	Holder
  Start Mode	Start immediately
  Timeout	30 sec
  Cell length	1 mm

Measurement date	2026-02-10 10:27

CD Overload detect	747
Photometric mode	CD, HT
Measure range	260 - 180 nm
Data pitch	0.1 nm
CD scale	200 mdeg/1.0 dOD
FL scale	200 mdeg/1.0 dOD
D.I.T.	2 sec
Bandwidth	1.00 nm
Start mode	Immediately
Scanning speed	50 nm/min
Baseline correction	None
Shutter control	Auto
Accumulations	4

Concentration	0.001195 mol/L

