TITLE
DATA TYPE
ORIGIN	JASCO
OWNER
DATE	26/03/17
TIME	11:09:28
SPECTROMETER/DATA SYSTEM
LOCALE	1045
RESOLUTION
DELTAX	-0,1
XUNITS	NANOMETERS
YUNITS	Mol. Ellip.
Y2UNITS	HT [V]
FIRSTX	  260,0000
LASTX	  180,0000
NPOINTS	     801
FIRSTY	   106,56265
MAXY	 26021,38672
MINY	-13363,96875
XYDATA
260,0000	106,563	272,968
259,9000	105,605	273,009
259,8000	104,164	273,045
259,7000	102,946	273,092
259,6000	102,33	273,142
259,5000	100,815	273,189
259,4000	98,8497	273,221
259,3000	95,2545	273,276
259,2000	91,138	273,319
259,1000	86,8372	273,361
259,0000	82,0409	273,411
258,9000	75,3845	273,455
258,8000	66,7094	273,494
258,7000	58,5815	273,551
258,6000	49,707	273,591
258,5000	42,793	273,653
258,4000	37,6543	273,704
258,3000	34,2397	273,762
258,2000	30,9769	273,816
258,1000	26,7303	273,86
258,0000	21,9299	273,908
257,9000	16,4503	273,955
257,8000	12,9226	274,008
257,7000	8,95222	274,07
257,6000	4,59417	274,113
257,5000	2,61614	274,163
257,4000	0,206279	274,204
257,3000	-1,48919	274,256
257,2000	-2,04467	274,308
257,1000	-2,61277	274,364
257,0000	-2,86398	274,411
256,9000	-2,42564	274,464
256,8000	-1,19206	274,508
256,7000	-0,656148	274,562
256,6000	1,25227	274,607
256,5000	5,51065	274,662
256,4000	11,5676	274,706
256,3000	19,3498	274,765
256,2000	26,2102	274,824
256,1000	29,8329	274,879
256,0000	33,1971	274,953
255,9000	37,2114	275,012
255,8000	42,3119	275,06
255,7000	46,6324	275,116
255,6000	50,9279	275,172
255,5000	56,2132	275,223
255,4000	61,6166	275,262
255,3000	65,0336	275,324
255,2000	67,0354	275,376
255,1000	67,9599	275,428
255,0000	65,8369	275,482
254,9000	63,0667	275,52
254,8000	60,0146	275,572
254,7000	56,4017	275,637
254,6000	53,4618	275,681
254,5000	51,9087	275,721
254,4000	49,8895	275,779
254,3000	48,1157	275,832
254,2000	47,6513	275,913
254,1000	46,8301	275,967
254,0000	44,6093	276,009
253,9000	42,2481	276,059
253,8000	40,2852	276,113
253,7000	38,9034	276,156
253,6000	40,496	276,214
253,5000	42,4049	276,276
253,4000	44,625	276,323
253,3000	45,6266	276,391
253,2000	44,7099	276,442
253,1000	45,2826	276,493
253,0000	44,9055	276,544
252,9000	45,7149	276,6
252,8000	47,1815	276,649
252,7000	46,7005	276,7
252,6000	44,9153	276,757
252,5000	44,583	276,803
252,4000	44,6164	276,859
252,3000	42,3915	276,895
252,2000	39,1009	276,937
252,1000	35,4752	276,984
252,0000	32,4108	277,041
251,9000	29,7733	277,075
251,8000	27,0653	277,127
251,7000	23,3069	277,172
251,6000	21,0863	277,208
251,5000	19,1318	277,251
251,4000	15,898	277,303
251,3000	12,1414	277,348
251,2000	6,80533	277,386
251,1000	0,569913	277,442
251,0000	-3,46043	277,486
250,9000	-8,43101	277,525
250,8000	-14,0639	277,563
250,7000	-17,5646	277,608
250,6000	-19,1556	277,637
250,5000	-22,0045	277,685
250,4000	-26,2913	277,727
250,3000	-33,5134	277,77
250,2000	-40,9433	277,81
250,1000	-46,4651	277,848
250,0000	-52,352	277,876
249,9000	-58,7109	277,912
249,8000	-61,8661	277,952
249,7000	-63,6176	277,977
249,6000	-65,638	278,006
249,5000	-67,8171	278,058
249,4000	-70,5528	278,085
249,3000	-73,1379	278,117
249,2000	-74,9767	278,157
249,1000	-80,6444	278,185
249,0000	-89,6562	278,216
248,9000	-94,3163	278,256
248,8000	-99,6971	278,283
248,7000	-103,115	278,318
248,6000	-104,647	278,354
248,5000	-110,334	278,388
248,4000	-116,297	278,436
248,3000	-121,612	278,465
248,2000	-127,224	278,492
248,1000	-134,616	278,551
248,0000	-140,492	278,585
247,9000	-146,786	278,612
247,8000	-149,856	278,647
247,7000	-153,208	278,696
247,6000	-155,757	278,729
247,5000	-155,455	278,763
247,4000	-153,538	278,801
247,3000	-152,193	278,827
247,2000	-154,197	278,862
247,1000	-157,86	278,908
247,0000	-163,105	278,934
246,9000	-168,197	278,967
246,8000	-169,905	279,012
246,7000	-169,514	279,061
246,6000	-169,273	279,095
246,5000	-167,389	279,129
246,4000	-168,453	279,149
246,3000	-167,876	279,177
246,2000	-169,104	279,207
246,1000	-170,979	279,227
246,0000	-171,119	279,243
245,9000	-171,799	279,26
245,8000	-175,563	279,29
245,7000	-179,612	279,327
245,6000	-184,733	279,367
245,5000	-190,878	279,404
245,4000	-193,502	279,439
245,3000	-198,124	279,475
245,2000	-201,206	279,506
245,1000	-208,355	279,533
245,0000	-219,984	279,569
244,9000	-234,252	279,606
244,8000	-249,613	279,655
244,7000	-263,95	279,68
244,6000	-278,238	279,705
244,5000	-293,323	279,751
244,4000	-309,425	279,794
244,3000	-330,009	279,832
244,2000	-354,272	279,873
244,1000	-374,31	279,912
244,0000	-395,463	279,948
243,9000	-417,618	279,976
243,8000	-439,193	280,004
243,7000	-461,789	280,029
243,6000	-485,091	280,071
243,5000	-510,482	280,108
243,4000	-536,829	280,138
243,3000	-559,808	280,165
243,2000	-581,737	280,208
243,1000	-606,306	280,242
243,0000	-630,929	280,293
242,9000	-658,311	280,336
242,8000	-685,25	280,376
242,7000	-711,398	280,416
242,6000	-736,067	280,454
242,5000	-759,779	280,501
242,4000	-782,736	280,547
242,3000	-806,988	280,593
242,2000	-832,372	280,64
242,1000	-856,375	280,714
242,0000	-877,961	280,768
241,9000	-897,935	280,819
241,8000	-917,341	280,877
241,7000	-935,167	280,929
241,6000	-956,629	280,975
241,5000	-976,661	281,022
241,4000	-995,057	281,078
241,3000	-1015,2	281,125
241,2000	-1034,68	281,187
241,1000	-1054,65	281,279
241,0000	-1072,04	281,346
240,9000	-1088,77	281,403
240,8000	-1106,65	281,453
240,7000	-1125,29	281,508
240,6000	-1141,51	281,563
240,5000	-1158,83	281,621
240,4000	-1179,74	281,684
240,3000	-1200,27	281,743
240,2000	-1222,26	281,812
240,1000	-1247,27	281,893
240,0000	-1272,26	281,97
239,9000	-1297,95	282,038
239,8000	-1323,54	282,103
239,7000	-1349,65	282,181
239,6000	-1378,79	282,25
239,5000	-1410,26	282,315
239,4000	-1444,38	282,38
239,3000	-1480,8	282,452
239,2000	-1520,51	282,528
239,1000	-1562,97	282,632
239,0000	-1605,55	282,715
238,9000	-1652,21	282,795
238,8000	-1697,73	282,897
238,7000	-1744,02	282,978
238,6000	-1789,76	283,056
238,5000	-1835,8	283,142
238,4000	-1881,03	283,222
238,3000	-1930,74	283,304
238,2000	-1981,12	283,392
238,1000	-2031,92	283,482
238,0000	-2083,78	283,57
237,9000	-2132,04	283,666
237,8000	-2182,42	283,748
237,7000	-2234,14	283,834
237,6000	-2285,74	283,918
237,5000	-2338,32	283,99
237,4000	-2393,63	284,082
237,3000	-2451,2	284,169
237,2000	-2506,5	284,259
237,1000	-2561,27	284,357
237,0000	-2619,82	284,447
236,9000	-2679,06	284,544
236,8000	-2741,5	284,63
236,7000	-2802,96	284,723
236,6000	-2863,84	284,817
236,5000	-2927,91	284,904
236,4000	-2991,01	285,031
236,3000	-3057,28	285,128
236,2000	-3126,16	285,234
236,1000	-3195,11	285,365
236,0000	-3267,47	285,481
235,9000	-3340,21	285,563
235,8000	-3411,44	285,657
235,7000	-3482,21	285,774
235,6000	-3553,91	285,879
235,5000	-3626,82	285,958
235,4000	-3704,4	286,064
235,3000	-3781,21	286,165
235,2000	-3856,91	286,273
235,1000	-3929,16	286,387
235,0000	-3999,48	286,5
234,9000	-4067,52	286,554
234,8000	-4133,6	286,695
234,7000	-4202,59	286,808
234,6000	-4273,29	286,905
234,5000	-4341,9	287,02
234,4000	-4411,39	287,138
234,3000	-4476,7	287,25
234,2000	-4544,1	287,363
234,1000	-4610,17	287,483
234,0000	-4677,18	287,59
233,9000	-4746,83	287,677
233,8000	-4817,32	287,792
233,7000	-4888,54	287,912
233,6000	-4962,81	288,043
233,5000	-5036,59	288,166
233,4000	-5116,07	288,28
233,3000	-5196,08	288,399
233,2000	-5279,45	288,531
233,1000	-5364,57	288,662
233,0000	-5449,98	288,81
232,9000	-5534,93	288,946
232,8000	-5623,7	289,069
232,7000	-5712,2	289,222
232,6000	-5805,12	289,352
232,5000	-5899,27	289,522
232,4000	-5994,8	289,658
232,3000	-6091,91	289,759
232,2000	-6188,24	289,894
232,1000	-6286,66	290,002
232,0000	-6386,36	290,132
231,9000	-6484,92	290,264
231,8000	-6587,74	290,392
231,7000	-6690,37	290,488
231,6000	-6794,69	290,615
231,5000	-6896,66	290,704
231,4000	-6997,53	290,831
231,3000	-7098,22	290,924
231,2000	-7193,76	291,047
231,1000	-7289,71	291,162
231,0000	-7388,85	291,279
230,9000	-7485,02	291,397
230,8000	-7580,19	291,514
230,7000	-7676,27	291,629
230,6000	-7773,26	291,74
230,5000	-7867,3	291,848
230,4000	-7958,42	291,947
230,3000	-8045,19	292,053
230,2000	-8135,81	292,166
230,1000	-8224,29	292,292
230,0000	-8312,06	292,425
229,9000	-8397,56	292,55
229,8000	-8481,8	292,683
229,7000	-8566,98	292,811
229,6000	-8650,03	292,95
229,5000	-8733,37	293,091
229,4000	-8816,84	293,269
229,3000	-8899,24	293,414
229,2000	-8980,51	293,556
229,1000	-9061,75	293,703
229,0000	-9143,37	293,857
228,9000	-9223,39	294,019
228,8000	-9304,8	294,189
228,7000	-9389,51	294,316
228,6000	-9472,57	294,48
228,5000	-9549,91	294,638
228,4000	-9626,19	294,797
228,3000	-9700,5	294,955
228,2000	-9776,07	295,071
228,1000	-9851,06	295,229
228,0000	-9925,46	295,388
227,9000	-10001,1	295,533
227,8000	-10076,6	295,69
227,7000	-10147,1	295,847
227,6000	-10217,8	296,033
227,5000	-10289,3	296,191
227,4000	-10362,1	296,341
227,3000	-10434,7	296,497
227,2000	-10506,9	296,646
227,1000	-10576,2	296,788
227,0000	-10643,9	296,934
226,9000	-10713,8	297,088
226,8000	-10781,9	297,241
226,7000	-10846,6	297,398
226,6000	-10913,1	297,547
226,5000	-10978,7	297,664
226,4000	-11043,7	297,812
226,3000	-11105,2	297,962
226,2000	-11162,8	298,123
226,1000	-11221,2	298,271
226,0000	-11279,8	298,434
225,9000	-11336,2	298,599
225,8000	-11392,7	298,746
225,7000	-11444,6	298,911
225,6000	-11494,6	299,063
225,5000	-11545,3	299,172
225,4000	-11596,6	299,334
225,3000	-11648,3	299,5
225,2000	-11700,6	299,651
225,1000	-11752,8	299,803
225,0000	-11804,2	299,959
224,9000	-11854,2	300,11
224,8000	-11903,1	300,269
224,7000	-11948,9	300,427
224,6000	-11996,6	300,58
224,5000	-12043,7	300,742
224,4000	-12089,5	300,91
224,3000	-12134	301,07
224,2000	-12182,3	301,227
224,1000	-12228,3	301,381
224,0000	-12271,6	301,535
223,9000	-12316,3	301,695
223,8000	-12359,1	301,863
223,7000	-12402,5	302,025
223,6000	-12440	302,215
223,5000	-12474,8	302,38
223,4000	-12510,1	302,543
223,3000	-12545,4	302,713
223,2000	-12580	302,926
223,1000	-12612,2	303,106
223,0000	-12645,3	303,272
222,9000	-12674,3	303,449
222,8000	-12702,5	303,61
222,7000	-12733,1	303,785
222,6000	-12760,7	303,967
222,5000	-12787,2	304,155
222,4000	-12811,1	304,335
222,3000	-12834,4	304,511
222,2000	-12858,1	304,691
222,1000	-12878,8	304,868
222,0000	-12896,6	305,001
221,9000	-12913	305,182
221,8000	-12930,3	305,358
221,7000	-12945,1	305,539
221,6000	-12956,3	305,715
221,5000	-12970,4	305,884
221,4000	-12980,8	306,06
221,3000	-12990,9	306,229
221,2000	-13001,8	306,394
221,1000	-13014,7	306,571
221,0000	-13028,6	306,747
220,9000	-13042,2	306,912
220,8000	-13054,4	307,075
220,7000	-13065,9	307,243
220,6000	-13080	307,421
220,5000	-13092,2	307,581
220,4000	-13105	307,754
220,3000	-13116,5	307,936
220,2000	-13121,2	308,058
220,1000	-13126,3	308,226
220,0000	-13133,3	308,391
219,9000	-13141,9	308,554
219,8000	-13147,9	308,72
219,7000	-13153,8	308,927
219,6000	-13158,5	309,111
219,5000	-13162,8	309,289
219,4000	-13165,4	309,457
219,3000	-13163,6	309,622
219,2000	-13161	309,805
219,1000	-13158,6	309,976
219,0000	-13155,4	310,152
218,9000	-13153,8	310,324
218,8000	-13152,7	310,51
218,7000	-13150,9	310,679
218,6000	-13150,5	310,852
218,5000	-13151	311,032
218,4000	-13147,4	311,206
218,3000	-13143,3	311,385
218,2000	-13140,2	311,57
218,1000	-13132,8	311,75
218,0000	-13124	311,93
217,9000	-13112,9	312,1
217,8000	-13103,7	312,323
217,7000	-13099,7	312,511
217,6000	-13092,2	312,738
217,5000	-13081,8	312,923
217,4000	-13070,1	313,11
217,3000	-13060	313,252
217,2000	-13046,1	313,484
217,1000	-13035,7	313,673
217,0000	-13028,6	313,861
216,9000	-13018,3	314,041
216,8000	-13010,8	314,237
216,7000	-13005	314,425
216,6000	-13000,1	314,563
216,5000	-12991,9	314,757
216,4000	-12981,2	314,941
216,3000	-12973,3	315,141
216,2000	-12965	315,329
216,1000	-12951,3	315,523
216,0000	-12936,3	315,709
215,9000	-12926,1	315,903
215,8000	-12917,8	316,046
215,7000	-12909,1	316,237
215,6000	-12903,1	316,433
215,5000	-12897,1	316,626
215,4000	-12892,9	316,826
215,3000	-12887,3	317,02
215,2000	-12879,1	317,231
215,1000	-12875,9	317,374
215,0000	-12873,1	317,587
214,9000	-12869,6	317,85
214,8000	-12869	318,048
214,7000	-12872,7	318,27
214,6000	-12872,2	318,478
214,5000	-12872,6	318,684
214,4000	-12876,3	318,84
214,3000	-12877,4	319,044
214,2000	-12876,6	319,256
214,1000	-12873,1	319,46
214,0000	-12868,6	319,674
213,9000	-12865,1	319,883
213,8000	-12860,9	320,101
213,7000	-12857,3	320,322
213,6000	-12858,6	320,536
213,5000	-12864,6	320,753
213,4000	-12868,3	320,976
213,3000	-12868,5	321,195
213,2000	-12870,9	321,425
213,1000	-12873,6	321,652
213,0000	-12877,9	321,87
212,9000	-12885	322,099
212,8000	-12893,4	322,339
212,7000	-12903,6	322,506
212,6000	-12911,6	322,741
212,5000	-12921,1	322,973
212,4000	-12932,8	323,221
212,3000	-12942,9	323,468
212,2000	-12950,6	323,704
212,1000	-12961,7	323,948
212,0000	-12969,8	324,258
211,9000	-12978,4	324,511
211,8000	-12988,9	324,775
211,7000	-13002,6	325,039
211,6000	-13020,2	325,381
211,5000	-13038	325,65
211,4000	-13055,2	325,921
211,3000	-13071,4	326,204
211,2000	-13087,5	326,475
211,1000	-13103,8	326,825
211,0000	-13117,8	327,119
210,9000	-13135,4	327,408
210,8000	-13158,1	327,687
210,7000	-13179,6	327,968
210,6000	-13200,5	328,266
210,5000	-13221,5	328,561
210,4000	-13241,1	328,779
210,3000	-13257,8	329,082
210,2000	-13272,6	329,369
210,1000	-13284,1	329,664
210,0000	-13293,7	329,967
209,9000	-13304,9	330,268
209,8000	-13317,2	330,572
209,7000	-13330,7	330,884
209,6000	-13343,2	331,206
209,5000	-13353,3	331,538
209,4000	-13361,1	331,864
209,3000	-13364	332,191
209,2000	-13362,7	332,522
209,1000	-13358,4	332,866
209,0000	-13353,1	333,216
208,9000	-13347,4	333,653
208,8000	-13338,3	334,014
208,7000	-13322,1	334,378
208,6000	-13306,2	334,75
208,5000	-13287,4	335,112
208,4000	-13264	335,476
208,3000	-13235,1	335,858
208,2000	-13200,7	336,233
208,1000	-13159,7	336,608
208,0000	-13115,6	337,086
207,9000	-13064,5	337,474
207,8000	-13010,7	337,87
207,7000	-12954,5	338,275
207,6000	-12892,1	338,783
207,5000	-12824,9	339,188
207,4000	-12749,5	339,593
207,3000	-12667,4	340,006
207,2000	-12581,4	340,422
207,1000	-12493,4	340,849
207,0000	-12401,8	341,386
206,9000	-12304	341,838
206,8000	-12202,3	342,291
206,7000	-12096,8	342,741
206,6000	-11985,8	343,309
206,5000	-11872,2	343,775
206,4000	-11749,6	344,253
206,3000	-11622,2	344,732
206,2000	-11492,6	345,213
206,1000	-11354,4	345,82
206,0000	-11211,9	346,178
205,9000	-11065,1	346,672
205,8000	-10910,5	347,186
205,7000	-10749,3	347,694
205,6000	-10584,8	348,21
205,5000	-10413,4	348,736
205,4000	-10236,5	349,257
205,3000	-10057,3	349,925
205,2000	-9870,18	350,458
205,1000	-9684,46	350,994
205,0000	-9491,8	351,691
204,9000	-9294,72	352,254
204,8000	-9092,27	352,813
204,7000	-8882,36	353,519
204,6000	-8663,81	354,097
204,5000	-8441,53	354,694
204,4000	-8216,42	355,139
204,3000	-7990,62	355,746
204,2000	-7757,42	356,334
204,1000	-7524,59	356,941
204,0000	-7290,86	357,705
203,9000	-7060,75	358,161
203,8000	-6821,74	358,783
203,7000	-6572,89	359,413
203,6000	-6325,84	360,206
203,5000	-6072,24	360,846
203,4000	-5812,53	361,665
203,3000	-5549,83	362,315
203,2000	-5284,82	363,154
203,1000	-5017,12	363,829
203,0000	-4748,24	364,502
202,9000	-4478,71	365,175
202,8000	-4196,09	366,033
202,7000	-3910,47	366,735
202,6000	-3616,99	367,454
202,5000	-3315,71	368,164
202,4000	-3008,26	368,88
202,3000	-2695,76	369,607
202,2000	-2378,89	370,516
202,1000	-2058,51	371,257
202,0000	-1730,78	372,007
201,9000	-1395,24	372,755
201,8000	-1053,32	373,52
201,7000	-703,178	374,288
201,6000	-340,362	375,244
201,5000	33,6011	376,025
201,4000	419,133	376,823
201,3000	805,006	377,63
201,2000	1190,82	378,437
201,1000	1589,61	379,25
201,0000	1990,13	380,274
200,9000	2393,11	381,119
200,8000	2801,38	381,965
200,7000	3217,03	382,813
200,6000	3638,42	383,676
200,5000	4064,32	384,543
200,4000	4499,01	385,421
200,3000	4935,57	386,531
200,2000	5375,46	387,407
200,1000	5810,29	388,297
200,0000	6244,68	389,445
199,9000	6681,04	390,348
199,8000	7125,26	391,252
199,7000	7569,41	392,394
199,6000	8014,45	393,312
199,5000	8456,15	394,245
199,4000	8905,9	395,176
199,3000	9350,01	396,098
199,2000	9787,48	397,035
199,1000	10219,1	398,441
199,0000	10652	399,388
198,9000	11073,6	400,577
198,8000	11499,4	401,538
198,7000	11914,4	402,76
198,6000	12337,5	403,983
198,5000	12751,8	404,957
198,4000	13171,3	405,943
198,3000	13586,4	406,939
198,2000	13993,2	408,201
198,1000	14396	409,215
198,0000	14806,8	410,231
197,9000	15211,9	411,254
197,8000	15606	412,544
197,7000	15990,3	413,577
197,6000	16373	414,878
197,5000	16751,1	415,922
197,4000	17130	417,226
197,3000	17495,3	418,277
197,2000	17849,6	419,587
197,1000	18207,7	420,644
197,0000	18554,5	421,964
196,9000	18886,6	423,025
196,8000	19213,5	424,352
196,7000	19530,9	425,678
196,6000	19842,3	427,018
196,5000	20135	428,35
196,4000	20436,7	429,422
196,3000	20734,2	430,785
196,2000	21030,8	432,138
196,1000	21307,5	433,491
196,0000	21584,6	434,853
195,9000	21832,6	436,214
195,8000	22074,7	437,306
195,7000	22322,8	438,664
195,6000	22559,3	439,745
195,5000	22774,4	440,833
195,4000	22978,3	442,184
195,3000	23176,1	443,26
195,2000	23371,7	444,325
195,1000	23555,7	445,391
195,0000	23726,6	446,723
194,9000	23880,5	447,788
194,8000	24023,7	449,103
194,7000	24164,7	450,421
194,6000	24278,5	451,751
194,5000	24400,2	453,072
194,4000	24517	454,405
194,3000	24631,4	455,474
194,2000	24745,5	456,824
194,1000	24867,5	457,909
194,0000	24995	459,016
193,9000	25110,8	460,136
193,8000	25208,2	461,542
193,7000	25299,1	462,677
193,6000	25385	464,103
193,5000	25470,3	465,244
193,4000	25558,7	466,676
193,3000	25650,1	468,127
193,2000	25725,9	469,565
193,1000	25798,9	471,012
193,0000	25864	472,451
192,9000	25923	473,897
192,8000	25964,6	475,33
192,7000	25979,9	476,483
192,6000	25992,1	478,195
192,5000	26003,5	479,331
192,4000	26016	480,766
192,3000	26021,4	482,224
192,2000	26014,5	483,681
192,1000	25998,2	485,17
192,0000	25951,9	486,692
191,9000	25890,9	488,244
191,8000	25816,4	489,819
191,7000	25747,2	491,422
191,6000	25649,3	493,071
191,5000	25535,9	495,094
191,4000	25415,5	496,815
191,3000	25277,1	498,557
191,2000	25125,4	500,702
191,1000	24952,5	502,466
191,0000	24776,7	504,22
190,9000	24603,7	506,338
190,8000	24425,7	508,083
190,7000	24249,2	509,819
190,6000	24059,9	511,538
190,5000	23861,8	512,911
190,4000	23648,7	514,617
190,3000	23447,5	516,676
190,2000	23268,7	518,051
190,1000	23110,6	520,151
190,0000	22975	521,569
189,9000	22829,3	523,729
189,8000	22675,8	525,611
189,7000	22508,7	527,584
189,6000	22329,5	529,616
189,5000	22167,2	532,167
189,4000	22009,9	534,361
189,3000	21869,7	536,632
189,2000	21706,5	539,429
189,1000	21517,9	541,782
189,0000	21328,2	544,625
188,9000	21129,3	547,006
188,8000	20933,5	550,314
188,7000	20735,2	552,662
188,6000	20553,6	555,454
188,5000	20352,3	558,2
188,4000	20140,3	560,929
188,3000	19911,6	563,677
188,2000	19664,4	566,46
188,1000	19412,2	569,825
188,0000	19161,1	572,854
187,9000	18917,3	576,032
187,8000	18675,5	579,404
187,7000	18406,8	582,344
187,6000	18108,1	585,414
187,5000	17783,8	588,588
187,4000	17463,9	591,88
187,3000	17171,3	595,259
187,2000	16894,9	598,685
187,1000	16661,4	601,449
187,0000	16412,8	604,231
186,9000	16160,5	608,372
186,8000	15857,8	611,109
186,7000	15550,9	613,825
186,6000	15308,2	617,847
186,5000	15034,7	621,812
186,4000	14753,6	625,768
186,3000	14507,5	630,389
186,2000	14267,3	635,14
186,1000	14007,6	640,89
186,0000	13748,9	645,509
185,9000	13464,1	652,117
185,8000	13152,2	657,453
185,7000	12868,7	665,038
185,6000	12532,6	672,107
185,5000	12181,6	679,488
185,4000	11820,2	686,025
185,3000	11381	693,78
185,2000	10854,9	700,453
185,1000	10333,1	707,086
185,0000	9767,09	713,654
184,9000	9250,37	720,18
184,8000	8736,72	726,702
184,7000	8256,92	733,296
184,6000	7756,48	741,225
184,5000	7182,23	748,355
184,4000	6631,09	758,427
184,3000	6110,93	767,927
184,2000	5616,04	781,119
184,1000	5142,53	795,436
184,0000	4713,59	807,317
183,9000	4236,94	819,798
183,8000	3711,78	830,863
183,7000	3167,36	840,203
183,6000	2647,69	851,573
183,5000	2097,97	863,008
183,4000	1577,97	874,597
183,3000	1166,62	890,316
183,2000	711,719	904,517
183,1000	324,734	917,178
183,0000	-64,415	934,984
182,9000	-398,512	948,939
182,8000	-683,094	968,221
182,7000	-873,258	985,282
182,6000	-1031,09	999,349
182,5000	-1130,53	1010,4
182,4000	-1301,58	1022,64
182,3000	-1354,83	1031,92
182,2000	-1459,06	1040,3
182,1000	-1635,42	1049,09
182,0000	-1654,15	1055,23
181,9000	-1655,6	1060,24
181,8000	-1628,72	1064,16
181,7000	-1569,96	1067,43
181,6000	-1633,98	1069,09
181,5000	-1730,87	1070,03
181,4000	-1767,74	1070,31
181,3000	-1798,58	1070,45
181,2000	-1797,47	1070,55
181,1000	-1799,78	1070,65
181,0000	-1756,03	1070,74
180,9000	-1703,37	1070,8
180,8000	-1721,82	1070,85
180,7000	-1710,81	1070,9
180,6000	-1696,54	1070,94
180,5000	-1650,9	1071
180,4000	-1640,23	1071,02
180,3000	-1601,95	1071,06
180,2000	-1545,98	1071,08
180,1000	-1511,64	1071,11
180,0000	-1489,96	1071,13

##### Extended Information
[Comments]
Sample name	AncCQ+T494K SBD
Comment
User
Division
Company	Uniwersytet Gdanski

[Detailed Information]
Creation date	2026-03-17 11:09

Data array type	Linear data array * 2
Horizontal axis	Wavelength [nm]
Vertical axis(1)	Mol. Ellip.
Vertical axis(2)	HT [V]
Start	260 nm
End	180 nm
Data interval	0,1 nm
Data points	801

[Measurement Information]
Instrument name	J-1500
Model name	J-1500
Serial No.	A026061638

Detector	PM-539
Detector S/N	A0260PM539
  Lock-in amp.	X mode
  HT volt	Auto

Accessory	PTC-517
Accessory S/N	A013061646
  Temperature	20.06 C
  Control sonsor	Holder
  Monitor sensor	Holder
  Start Mode	Start immediately
  Timeout	30 sec
  Cell length	1 mm

Measurement date	2026-03-17 11:01

CD Overload detect	681
Photometric mode	CD, HT
Measure range	260 - 180 nm
Data pitch	0.1 nm
CD scale	200 mdeg/1.0 dOD
FL scale	200 mdeg/1.0 dOD
D.I.T.	2 sec
Bandwidth	1.00 nm
Start mode	Immediately
Scanning speed	50 nm/min
Baseline correction	None
Shutter control	Auto
Accumulations	4

Concentration	0.001195 mol/L

