TITLE
DATA TYPE
ORIGIN	JASCO
OWNER
DATE	26/02/13
TIME	12:30:18
SPECTROMETER/DATA SYSTEM
LOCALE	1045
RESOLUTION
DELTAX	-0,1
XUNITS	NANOMETERS
YUNITS	Mol. Ellip.
Y2UNITS	HT [V]
FIRSTX	  260,0000
LASTX	  180,0000
NPOINTS	     801
FIRSTY	  -140,75642
MAXY	 21390,47852
MINY	-11409,49707
XYDATA
260,0000	-140,756	272,072
259,9000	-135,217	272,1
259,8000	-126,557	272,136
259,7000	-116,909	272,171
259,6000	-106,923	272,207
259,5000	-94,8195	272,244
259,4000	-84,3763	272,289
259,3000	-71,6487	272,341
259,2000	-59,3442	272,386
259,1000	-47,8456	272,436
259,0000	-36,6037	272,483
258,9000	-24,1459	272,526
258,8000	-9,59079	272,579
258,7000	5,42782	272,628
258,6000	19,0185	272,671
258,5000	31,5802	272,736
258,4000	42,8987	272,789
258,3000	54,1657	272,845
258,2000	66,2354	272,898
258,1000	77,6977	272,936
258,0000	91,9357	272,986
257,9000	103,889	273,037
257,8000	113,536	273,087
257,7000	122,401	273,139
257,6000	128,974	273,183
257,5000	135,121	273,224
257,4000	142,822	273,269
257,3000	147,718	273,321
257,2000	152,649	273,366
257,1000	154,262	273,406
257,0000	153,136	273,459
256,9000	153,313	273,505
256,8000	149,783	273,556
256,7000	145,941	273,608
256,6000	142,411	273,656
256,5000	139,235	273,707
256,4000	134,13	273,761
256,3000	125,052	273,813
256,2000	116,288	273,867
256,1000	107,612	273,921
256,0000	98,0963	273,982
255,9000	88,8355	274,039
255,8000	79,2839	274,089
255,7000	70,6087	274,141
255,6000	60,2026	274,191
255,5000	48,6519	274,245
255,4000	37,7835	274,298
255,3000	27,2584	274,349
255,2000	15,948	274,396
255,1000	6,4495	274,444
255,0000	-1,29646	274,492
254,9000	-7,42983	274,538
254,8000	-14,3863	274,59
254,7000	-21,5301	274,654
254,6000	-25,7662	274,699
254,5000	-29,1502	274,752
254,4000	-31,2045	274,815
254,3000	-31,2972	274,868
254,2000	-30,0688	274,957
254,1000	-28,4725	275,009
254,0000	-26,0957	275,067
253,9000	-23,8348	275,128
253,8000	-18,9508	275,179
253,7000	-14,4311	275,236
253,6000	-8,52581	275,29
253,5000	0,154565	275,339
253,4000	9,95126	275,391
253,3000	17,8928	275,447
253,2000	25,0878	275,495
253,1000	33,7481	275,551
253,0000	43,6378	275,59
252,9000	54,1561	275,636
252,8000	62,987	275,689
252,7000	71,3695	275,751
252,6000	79,3966	275,797
252,5000	85,2121	275,835
252,4000	89,3337	275,885
252,3000	95,7906	275,91
252,2000	100,477	275,95
252,1000	104,954	275,995
252,0000	108,081	276,053
251,9000	108,48	276,101
251,8000	107,121	276,152
251,7000	106,156	276,19
251,6000	105,198	276,229
251,5000	101,302	276,276
251,4000	99,0566	276,33
251,3000	95,0422	276,38
251,2000	90,3436	276,428
251,1000	84,5464	276,465
251,0000	76,6164	276,521
250,9000	69,3629	276,565
250,8000	64,6153	276,612
250,7000	58,6729	276,654
250,6000	54,0776	276,684
250,5000	49,0522	276,728
250,4000	42,9689	276,764
250,3000	39,6338	276,809
250,2000	38,5293	276,85
250,1000	38,2976	276,881
250,0000	38,6501	276,93
249,9000	40,8825	276,969
249,8000	40,9068	277,002
249,7000	41,1452	277,034
249,6000	41,6235	277,068
249,5000	42,0193	277,101
249,4000	44,7061	277,136
249,3000	46,8936	277,162
249,2000	50,0611	277,192
249,1000	52,0149	277,219
249,0000	54,6615	277,256
248,9000	57,3969	277,29
248,8000	58,2833	277,338
248,7000	57,6645	277,377
248,6000	57,1955	277,412
248,5000	56,3338	277,44
248,4000	53,2076	277,481
248,3000	50,2333	277,513
248,2000	47,3176	277,557
248,1000	44,7423	277,59
248,0000	40,6934	277,613
247,9000	34,7645	277,654
247,8000	27,3284	277,697
247,7000	18,9283	277,732
247,6000	11,4417	277,768
247,5000	3,32786	277,802
247,4000	-7,68755	277,844
247,3000	-18,6759	277,871
247,2000	-29,9696	277,905
247,1000	-40,718	277,934
247,0000	-51,199	277,97
246,9000	-63,0357	278,01
246,8000	-72,8793	278,045
246,7000	-85,1001	278,084
246,6000	-96,1363	278,119
246,5000	-107,685	278,149
246,4000	-119,41	278,178
246,3000	-127,41	278,219
246,2000	-134,674	278,251
246,1000	-140,234	278,279
246,0000	-145,8	278,308
245,9000	-151,868	278,347
245,8000	-159,429	278,365
245,7000	-167,345	278,399
245,6000	-175,727	278,428
245,5000	-182,284	278,463
245,4000	-186,795	278,493
245,3000	-189,984	278,528
245,2000	-195,804	278,559
245,1000	-204,713	278,594
245,0000	-212,251	278,631
244,9000	-218,818	278,664
244,8000	-225,625	278,697
244,7000	-232,796	278,727
244,6000	-242,519	278,756
244,5000	-252,001	278,783
244,4000	-262,662	278,822
244,3000	-274,394	278,845
244,2000	-286,315	278,878
244,1000	-297,8	278,921
244,0000	-307,048	278,954
243,9000	-317,597	278,981
243,8000	-331,574	279,015
243,7000	-343,394	279,052
243,6000	-358,425	279,086
243,5000	-371,196	279,126
243,4000	-383,74	279,167
243,3000	-397,388	279,198
243,2000	-413,144	279,239
243,1000	-429,049	279,279
243,0000	-445,252	279,318
242,9000	-462,753	279,351
242,8000	-480,525	279,395
242,7000	-496,321	279,428
242,6000	-511,364	279,477
242,5000	-526,234	279,52
242,4000	-542,683	279,564
242,3000	-559,448	279,612
242,2000	-575,108	279,665
242,1000	-591,362	279,723
242,0000	-605,815	279,779
241,9000	-619,369	279,821
241,8000	-633,091	279,865
241,7000	-648,388	279,906
241,6000	-662,919	279,955
241,5000	-680,753	280,005
241,4000	-699,699	280,047
241,3000	-716,875	280,1
241,2000	-735,773	280,166
241,1000	-754,799	280,238
241,0000	-775,913	280,294
240,9000	-797,948	280,346
240,8000	-820,255	280,402
240,7000	-841,37	280,457
240,6000	-863,949	280,513
240,5000	-888,802	280,578
240,4000	-916,352	280,635
240,3000	-945,675	280,698
240,2000	-976,76	280,764
240,1000	-1008,34	280,847
240,0000	-1040,88	280,911
239,9000	-1072,87	280,972
239,8000	-1104,82	281,044
239,7000	-1137,35	281,109
239,6000	-1168,6	281,18
239,5000	-1202,41	281,248
239,4000	-1237,85	281,313
239,3000	-1273,19	281,382
239,2000	-1307,03	281,454
239,1000	-1343,96	281,541
239,0000	-1380,01	281,622
238,9000	-1417,31	281,697
238,8000	-1456,57	281,781
238,7000	-1496,85	281,862
238,6000	-1536,26	281,943
238,5000	-1577,48	282,02
238,4000	-1619,69	282,103
238,3000	-1661,34	282,186
238,2000	-1703,38	282,271
238,1000	-1746,13	282,361
238,0000	-1790,28	282,442
237,9000	-1835,29	282,527
237,8000	-1882,85	282,615
237,7000	-1930,95	282,704
237,6000	-1981,38	282,786
237,5000	-2032,1	282,855
237,4000	-2083,54	282,947
237,3000	-2136,95	283,028
237,2000	-2190,23	283,117
237,1000	-2243,9	283,215
237,0000	-2299,07	283,298
236,9000	-2354,27	283,386
236,8000	-2410,43	283,474
236,7000	-2468,34	283,56
236,6000	-2524,56	283,648
236,5000	-2581,97	283,738
236,4000	-2640,22	283,844
236,3000	-2696,52	283,934
236,2000	-2750,69	284,033
236,1000	-2804,13	284,154
236,0000	-2858,22	284,253
235,9000	-2912,87	284,334
235,8000	-2968,15	284,433
235,7000	-3022,66	284,54
235,6000	-3075,32	284,645
235,5000	-3128,1	284,719
235,4000	-3180,31	284,816
235,3000	-3229,75	284,92
235,2000	-3278,36	285,027
235,1000	-3326,66	285,129
235,0000	-3376,76	285,236
234,9000	-3427,54	285,285
234,8000	-3478,46	285,421
234,7000	-3530,86	285,525
234,6000	-3585,21	285,639
234,5000	-3640,13	285,751
234,4000	-3696,21	285,863
234,3000	-3752,77	285,971
234,2000	-3809,99	286,074
234,1000	-3870,89	286,18
234,0000	-3932,95	286,293
233,9000	-3996,23	286,369
233,8000	-4061,66	286,48
233,7000	-4131,88	286,597
233,6000	-4204,83	286,715
233,5000	-4277,15	286,822
233,4000	-4347,54	286,945
233,3000	-4418,82	287,069
233,2000	-4493,89	287,19
233,1000	-4572,15	287,307
233,0000	-4653,3	287,464
232,9000	-4733,1	287,583
232,8000	-4814,05	287,702
232,7000	-4896,35	287,852
232,6000	-4978,02	287,976
232,5000	-5058,69	288,14
232,4000	-5138,37	288,266
232,3000	-5219,32	288,352
232,2000	-5299,24	288,474
232,1000	-5378,68	288,577
232,0000	-5455,74	288,694
231,9000	-5531,76	288,819
231,8000	-5608,01	288,946
231,7000	-5683,73	289,04
231,6000	-5759,29	289,155
231,5000	-5832,83	289,246
231,4000	-5903,05	289,371
231,3000	-5972,1	289,458
231,2000	-6038,93	289,574
231,1000	-6106,71	289,688
231,0000	-6176,06	289,799
230,9000	-6247,14	289,917
230,8000	-6318,02	290,022
230,7000	-6387,04	290,126
230,6000	-6454,57	290,234
230,5000	-6521,65	290,347
230,4000	-6589,88	290,451
230,3000	-6659,59	290,556
230,2000	-6729,86	290,672
230,1000	-6800,2	290,78
230,0000	-6870,5	290,898
229,9000	-6939,12	291,021
229,8000	-7007,25	291,144
229,7000	-7079,26	291,273
229,6000	-7152,12	291,406
229,5000	-7228,1	291,538
229,4000	-7302,37	291,7
229,3000	-7374,56	291,839
229,2000	-7446,62	291,98
229,1000	-7515,86	292,128
229,0000	-7585,02	292,275
228,9000	-7654,95	292,424
228,8000	-7726,41	292,576
228,7000	-7798,18	292,694
228,6000	-7868,69	292,844
228,5000	-7938,29	292,989
228,4000	-8007,37	293,14
228,3000	-8076,88	293,286
228,2000	-8148,15	293,391
228,1000	-8219,02	293,531
228,0000	-8282,08	293,67
227,9000	-8344,08	293,809
227,8000	-8403,12	293,948
227,7000	-8463,18	294,088
227,6000	-8522,82	294,254
227,5000	-8583,98	294,402
227,4000	-8646,97	294,543
227,3000	-8709,98	294,678
227,2000	-8770,66	294,82
227,1000	-8830,46	294,962
227,0000	-8885,13	295,095
226,9000	-8941,2	295,232
226,8000	-8996,99	295,375
226,7000	-9051,43	295,508
226,6000	-9106,26	295,649
226,5000	-9160,06	295,759
226,4000	-9213,16	295,897
226,3000	-9265,44	296,04
226,2000	-9316,69	296,184
226,1000	-9366,52	296,325
226,0000	-9414,81	296,472
225,9000	-9461,5	296,622
225,8000	-9507,32	296,759
225,7000	-9551,55	296,901
225,6000	-9596,93	297,051
225,5000	-9644,79	297,162
225,4000	-9692,39	297,305
225,3000	-9741,5	297,452
225,2000	-9787,29	297,605
225,1000	-9835,75	297,745
225,0000	-9883,11	297,893
224,9000	-9926,63	298,037
224,8000	-9968,72	298,187
224,7000	-10011,8	298,339
224,6000	-10053,2	298,491
224,5000	-10094	298,643
224,4000	-10134,8	298,796
224,3000	-10175,9	298,941
224,2000	-10217	299,093
224,1000	-10256,2	299,239
224,0000	-10292,7	299,392
223,9000	-10328,4	299,536
223,8000	-10361,1	299,683
223,7000	-10395,4	299,836
223,6000	-10429,5	300,022
223,5000	-10462,4	300,179
223,4000	-10492,9	300,339
223,3000	-10524,3	300,495
223,2000	-10551	300,699
223,1000	-10575,7	300,854
223,0000	-10598,4	301,013
222,9000	-10622,5	301,177
222,8000	-10645,6	301,336
222,7000	-10667,3	301,497
222,6000	-10685,1	301,659
222,5000	-10700,5	301,829
222,4000	-10717,7	301,985
222,3000	-10733,4	302,145
222,2000	-10745,2	302,304
222,1000	-10756,3	302,46
222,0000	-10767,5	302,581
221,9000	-10775,9	302,742
221,8000	-10781,8	302,904
221,7000	-10787,1	303,057
221,6000	-10794	303,208
221,5000	-10801,6	303,357
221,4000	-10808	303,51
221,3000	-10815,8	303,665
221,2000	-10817,4	303,808
221,1000	-10818,1	303,961
221,0000	-10818,5	304,113
220,9000	-10820,6	304,259
220,8000	-10820,7	304,409
220,7000	-10824,5	304,566
220,6000	-10824,9	304,721
220,5000	-10827,6	304,875
220,4000	-10827,1	305,026
220,3000	-10827,3	305,18
220,2000	-10829,2	305,292
220,1000	-10828,3	305,438
220,0000	-10825,5	305,59
219,9000	-10823	305,741
219,8000	-10819,5	305,892
219,7000	-10815,8	306,083
219,6000	-10811,5	306,23
219,5000	-10810	306,386
219,4000	-10808,7	306,54
219,3000	-10807,6	306,693
219,2000	-10806,4	306,848
219,1000	-10800,2	307,001
219,0000	-10795,6	307,159
218,9000	-10791,9	307,318
218,8000	-10789,1	307,474
218,7000	-10787,2	307,641
218,6000	-10785,5	307,798
218,5000	-10783,4	307,959
218,4000	-10782,6	308,121
218,3000	-10780,7	308,283
218,2000	-10776	308,451
218,1000	-10775,4	308,608
218,0000	-10773	308,768
217,9000	-10768,8	308,938
217,8000	-10762,6	309,135
217,7000	-10754,5	309,298
217,6000	-10750,9	309,509
217,5000	-10750,3	309,674
217,4000	-10749,5	309,842
217,3000	-10750,4	309,971
217,2000	-10750	310,176
217,1000	-10750,2	310,342
217,0000	-10748,2	310,516
216,9000	-10743,3	310,682
216,8000	-10742,5	310,853
216,7000	-10741,7	311,024
216,6000	-10744,1	311,152
216,5000	-10745,5	311,317
216,4000	-10746	311,499
216,3000	-10744,3	311,663
216,2000	-10747,6	311,832
216,1000	-10752,7	312,01
216,0000	-10755,4	312,177
215,9000	-10755,7	312,353
215,8000	-10757,2	312,48
215,7000	-10758,7	312,64
215,6000	-10760,5	312,799
215,5000	-10761,5	312,971
215,4000	-10765,6	313,142
215,3000	-10771,8	313,308
215,2000	-10781,1	313,48
215,1000	-10787,7	313,6
215,0000	-10790,8	313,779
214,9000	-10796,8	313,975
214,8000	-10800,4	314,158
214,7000	-10805,9	314,328
214,6000	-10812,3	314,511
214,5000	-10820	314,684
214,4000	-10833,3	314,812
214,3000	-10846,5	314,988
214,2000	-10861,7	315,156
214,1000	-10876,3	315,339
214,0000	-10891,3	315,519
213,9000	-10904,9	315,711
213,8000	-10919,9	315,896
213,7000	-10928,2	316,076
213,6000	-10934,9	316,264
213,5000	-10943,9	316,452
213,4000	-10953,9	316,643
213,3000	-10961,5	316,845
213,2000	-10968,7	317,051
213,1000	-10977	317,247
213,0000	-10987,2	317,447
212,9000	-10997	317,653
212,8000	-11004,3	317,862
212,7000	-11009,8	318,02
212,6000	-11010,5	318,231
212,5000	-11015,1	318,442
212,4000	-11018,3	318,65
212,3000	-11024,7	318,869
212,2000	-11033,5	319,067
212,1000	-11042,2	319,289
212,0000	-11049,6	319,56
211,9000	-11054,6	319,778
211,8000	-11057,6	320,005
211,7000	-11064,3	320,226
211,6000	-11071	320,504
211,5000	-11080	320,733
211,4000	-11091	320,969
211,3000	-11100,3	321,194
211,2000	-11116,1	321,427
211,1000	-11133	321,725
211,0000	-11151,4	321,966
210,9000	-11170	322,204
210,8000	-11188,6	322,457
210,7000	-11204,6	322,697
210,6000	-11219,8	322,953
210,5000	-11235,9	323,206
210,4000	-11252,2	323,401
210,3000	-11271,3	323,647
210,2000	-11288,2	323,909
210,1000	-11310,5	324,17
210,0000	-11328	324,429
209,9000	-11344,7	324,689
209,8000	-11361,7	324,956
209,7000	-11370,1	325,218
209,6000	-11377,3	325,486
209,5000	-11388,1	325,762
209,4000	-11396,8	326,039
209,3000	-11403	326,317
209,2000	-11405,6	326,595
209,1000	-11409,5	326,876
209,0000	-11409,3	327,173
208,9000	-11409,1	327,546
208,8000	-11408,3	327,838
208,7000	-11403,6	328,149
208,6000	-11397	328,456
208,5000	-11388,1	328,761
208,4000	-11378,9	329,074
208,3000	-11368,4	329,391
208,2000	-11358	329,71
208,1000	-11345	330,032
208,0000	-11325	330,45
207,9000	-11298,1	330,779
207,8000	-11266,1	331,112
207,7000	-11232,4	331,452
207,6000	-11192,3	331,884
207,5000	-11152	332,231
207,4000	-11106,4	332,576
207,3000	-11051,5	332,93
207,2000	-10997,6	333,286
207,1000	-10937,6	333,64
207,0000	-10865,4	334,091
206,9000	-10788,7	334,464
206,8000	-10708,7	334,836
206,7000	-10620	335,208
206,6000	-10526,5	335,688
206,5000	-10427,2	336,073
206,4000	-10324,7	336,457
206,3000	-10221,2	336,849
206,2000	-10108,9	337,245
206,1000	-9991,6	337,744
206,0000	-9873,99	338,047
205,9000	-9747,86	338,451
205,8000	-9614,35	338,863
205,7000	-9478,18	339,287
205,6000	-9336,4	339,702
205,5000	-9192,58	340,13
205,4000	-9049,7	340,565
205,3000	-8902,74	341,111
205,2000	-8751,26	341,553
205,1000	-8599,5	342,008
205,0000	-8442,1	342,572
204,9000	-8276,82	343,033
204,8000	-8110,94	343,502
204,7000	-7941,16	344,099
204,6000	-7768,94	344,577
204,5000	-7595,08	345,064
204,4000	-7415,12	345,434
204,3000	-7231,86	345,924
204,2000	-7049,17	346,426
204,1000	-6862,06	346,924
204,0000	-6674,02	347,565
203,9000	-6480,6	347,955
203,8000	-6280,87	348,473
203,7000	-6082,65	348,999
203,6000	-5878,73	349,668
203,5000	-5669,24	350,203
203,4000	-5459,13	350,89
203,3000	-5249,19	351,446
203,2000	-5032,23	352,148
203,1000	-4809,18	352,716
203,0000	-4586,6	353,296
202,9000	-4358,88	353,872
202,8000	-4125,11	354,612
202,7000	-3886,72	355,209
202,6000	-3644,49	355,811
202,5000	-3400,94	356,416
202,4000	-3156,46	357,027
202,3000	-2904	357,64
202,2000	-2649,25	358,414
202,1000	-2392,76	359,043
202,0000	-2133,08	359,668
201,9000	-1870,62	360,308
201,8000	-1604,36	360,95
201,7000	-1328,37	361,595
201,6000	-1046,32	362,417
201,5000	-755,325	363,078
201,4000	-456,6	363,743
201,3000	-153,57	364,42
201,2000	157,552	365,101
201,1000	468,257	365,789
201,0000	787,551	366,665
200,9000	1112,96	367,38
200,8000	1441,13	368,091
200,7000	1769,04	368,819
200,6000	2104,42	369,54
200,5000	2446,02	370,263
200,4000	2789,96	371,005
200,3000	3143,07	371,932
200,2000	3493,47	372,681
200,1000	3850,44	373,44
200,0000	4208,26	374,383
199,9000	4572,38	375,14
199,8000	4941,47	375,9
199,7000	5314,28	376,852
199,6000	5690,93	377,63
199,5000	6068,44	378,403
199,4000	6445,74	379,171
199,3000	6820,96	379,945
199,2000	7198,22	380,737
199,1000	7567,03	381,919
199,0000	7933,49	382,73
198,9000	8297,86	383,743
198,8000	8666,88	384,556
198,7000	9034,8	385,587
198,6000	9405,12	386,612
198,5000	9769,82	387,446
198,4000	10128,8	388,287
198,3000	10483,2	389,125
198,2000	10837,4	390,19
198,1000	11187,1	391,04
198,0000	11537,9	391,893
197,9000	11890,9	392,759
197,8000	12232,1	393,844
197,7000	12573,2	394,714
197,6000	12910,5	395,808
197,5000	13249	396,667
197,4000	13576	397,751
197,3000	13887,6	398,624
197,2000	14190,3	399,718
197,1000	14494,4	400,597
197,0000	14790,2	401,702
196,9000	15080,5	402,579
196,8000	15368,5	403,69
196,7000	15648,5	404,803
196,6000	15923	405,927
196,5000	16192,2	407,062
196,4000	16454,1	407,968
196,3000	16700,7	409,11
196,2000	16950,5	410,255
196,1000	17190,6	411,42
196,0000	17417,9	412,58
195,9000	17637,9	413,741
195,8000	17857	414,667
195,7000	18065	415,824
195,6000	18259,4	416,74
195,5000	18445,9	417,66
195,4000	18620,1	418,81
195,3000	18783,6	419,726
195,2000	18936,1	420,636
195,1000	19075,2	421,551
195,0000	19202,4	422,665
194,9000	19329,9	423,561
194,8000	19452,5	424,682
194,7000	19567,9	425,807
194,6000	19676,6	426,938
194,5000	19785,3	428,065
194,4000	19886,7	429,213
194,3000	19988,3	430,137
194,2000	20085,6	431,308
194,1000	20186,9	432,263
194,0000	20271,8	433,222
193,9000	20354,2	434,188
193,8000	20443,6	435,408
193,7000	20519,3	436,395
193,6000	20598,2	437,633
193,5000	20682,4	438,657
193,4000	20759,9	439,927
193,3000	20821,7	441,2
193,2000	20888,7	442,482
193,1000	20950,1	443,758
193,0000	21004,4	445,046
192,9000	21049,1	446,324
192,8000	21096,4	447,614
192,7000	21143,3	448,641
192,6000	21198,2	450,175
192,5000	21240,2	451,215
192,4000	21273,1	452,514
192,3000	21306,4	453,823
192,2000	21340,4	455,148
192,1000	21371,1	456,484
192,0000	21380,4	457,856
191,9000	21386,8	459,245
191,8000	21390,5	460,679
191,7000	21389,1	462,13
191,6000	21373,8	463,612
191,5000	21382,6	465,432
191,4000	21386	466,982
191,3000	21379,1	468,571
191,2000	21369,3	470,49
191,1000	21332,5	472,097
191,0000	21289,5	473,706
190,9000	21247,2	475,63
190,8000	21204,1	477,233
190,7000	21159,2	478,829
190,6000	21107,5	480,41
190,5000	21047	481,67
190,4000	20988,6	483,227
190,3000	20926,5	485,134
190,2000	20836,4	486,397
190,1000	20747,1	488,33
190,0000	20659,4	489,629
189,9000	20581,6	491,627
189,8000	20495,5	493,354
189,7000	20402,5	495,148
189,6000	20295,4	497,001
189,5000	20183,2	499,315
189,4000	20054	501,313
189,3000	19923,7	503,375
189,2000	19787,1	505,918
189,1000	19647,6	508,091
189,0000	19459	510,69
188,9000	19265	512,888
188,8000	19073,2	515,936
188,7000	18844,7	518,108
188,6000	18639,9	520,692
188,5000	18430	523,253
188,4000	18197,5	525,798
188,3000	17985,2	528,375
188,2000	17787,5	530,988
188,1000	17567,2	534,159
188,0000	17344,8	536,98
187,9000	17117,8	539,959
187,8000	16897,8	543,09
187,7000	16727,9	545,814
187,6000	16525,9	548,661
187,5000	16316,4	551,61
187,4000	16120	554,657
187,3000	15901,7	557,766
187,2000	15687,2	560,926
187,1000	15450	563,462
187,0000	15226,7	566,009
186,9000	15009,5	569,8
186,8000	14765	572,3
186,7000	14512,2	574,78
186,6000	14278	578,442
186,5000	14039,2	582,05
186,4000	13765,3	585,665
186,3000	13460,2	589,873
186,2000	13160,7	594,191
186,1000	12875,4	599,426
186,0000	12566,8	603,613
185,9000	12252,9	609,611
185,8000	11930,4	614,437
185,7000	11590,3	621,318
185,6000	11271,4	627,693
185,5000	10933,4	634,345
185,4000	10561	640,22
185,3000	10170,6	647,167
185,2000	9777,83	653,139
185,1000	9405,93	659,042
185,0000	9083,67	664,895
184,9000	8737,31	670,708
184,8000	8369,15	676,516
184,7000	7944,73	682,377
184,6000	7533,85	689,426
184,5000	7155,17	695,751
184,4000	6760,27	704,698
184,3000	6346,14	713,1
184,2000	5890,01	724,757
184,1000	5470,56	737,398
184,0000	5076,27	747,873
183,9000	4737,86	758,872
183,8000	4480,57	768,619
183,7000	4291,12	776,875
183,6000	4070,44	786,891
183,5000	3892,59	796,977
183,4000	3779,99	807,128
183,3000	3747,06	820,863
183,2000	3766,14	833,196
183,1000	3832,22	844,216
183,0000	3829,7	859,837
182,9000	3789,53	872,264
182,8000	3738,89	889,871
182,7000	3642,75	906,309
182,6000	3445,07	921,178
182,5000	3202,73	934,03
182,4000	2910,39	949,911
182,3000	2670,33	963,299
182,2000	2400,59	976,713
182,1000	2106,72	992,383
182,0000	1767,08	1004,63
181,9000	1419,04	1015,9
181,8000	1222,48	1026,11
181,7000	1079,58	1036,95
181,6000	949,975	1044,79
181,5000	833,306	1052,72
181,4000	623,736	1058,1
181,3000	427,44	1063,12
181,2000	190,672	1067,17
181,1000	-32,1626	1069,48
181,0000	-265,411	1070,44
180,9000	-532,509	1070,72
180,8000	-881,334	1070,83
180,7000	-1284,27	1070,9
180,6000	-1721,99	1070,97
180,5000	-2061,26	1071,04
180,4000	-2318,72	1071,1
180,3000	-2553,78	1071,15
180,2000	-2760,5	1071,2
180,1000	-2862,96	1071,24
180,0000	-2951,97	1071,28

##### Extended Information
[Comments]
Sample name	AncCQ+14 SBD
Comment
User
Division
Company	Uniwersytet Gdanski

[Detailed Information]
Creation date	2026-02-13 12:30

Data array type	Linear data array * 2
Horizontal axis	Wavelength [nm]
Vertical axis(1)	Mol. Ellip.
Vertical axis(2)	HT [V]
Start	260 nm
End	180 nm
Data interval	0,1 nm
Data points	801

[Measurement Information]
Instrument name	J-1500
Model name	J-1500
Serial No.	A026061638

Detector	PM-539
Detector S/N	A0260PM539
  Lock-in amp.	X mode
  HT volt	Auto

Accessory	PTC-517
Accessory S/N	A013061646
  Temperature	19.98 C
  Control sonsor	Holder
  Monitor sensor	Holder
  Start Mode	Start immediately
  Timeout	30 sec
  Cell length	1 mm

Measurement date	2026-02-13 11:10

CD Overload detect	746
Photometric mode	CD, HT
Measure range	260 - 180 nm
Data pitch	0.1 nm
CD scale	200 mdeg/1.0 dOD
FL scale	200 mdeg/1.0 dOD
D.I.T.	2 sec
Bandwidth	1.00 nm
Start mode	Immediately
Scanning speed	50 nm/min
Baseline correction	None
Shutter control	Auto
Accumulations	4

Concentration	0.001195 mol/L

