TITLE
DATA TYPE
ORIGIN	JASCO
OWNER
DATE	26/03/18
TIME	11:01:05
SPECTROMETER/DATA SYSTEM
LOCALE	1045
RESOLUTION
DELTAX	-0,1
XUNITS	NANOMETERS
YUNITS	Mol. Ellip.
Y2UNITS	HT [V]
FIRSTX	  260,0000
LASTX	  180,0000
NPOINTS	     801
FIRSTY	   -15,34005
MAXY	 28105,44531
MINY	-14279,72363
XYDATA
260,0000	-15,3401	272,997
259,9000	-17,8996	273,036
259,8000	-20,9087	273,088
259,7000	-22,1804	273,125
259,6000	-24,1304	273,178
259,5000	-22,8241	273,225
259,4000	-21,6891	273,269
259,3000	-19,8708	273,315
259,2000	-17,5687	273,378
259,1000	-17,052	273,424
259,0000	-15,9747	273,465
258,9000	-14,3359	273,51
258,8000	-11,8064	273,568
258,7000	-9,80696	273,622
258,6000	-6,04796	273,667
258,5000	-1,2922	273,731
258,4000	2,13847	273,787
258,3000	5,07426	273,846
258,2000	9,65306	273,898
258,1000	13,7143	273,933
258,0000	19,6117	273,983
257,9000	26,661	274,029
257,8000	31,5727	274,082
257,7000	37,3659	274,129
257,6000	44,0727	274,181
257,5000	49,2278	274,226
257,4000	54,2177	274,275
257,3000	59,0685	274,329
257,2000	64,433	274,379
257,1000	71,3562	274,428
257,0000	74,2003	274,479
256,9000	76,8432	274,539
256,8000	77,0271	274,592
256,7000	77,1862	274,65
256,6000	78,0766	274,701
256,5000	78,3067	274,757
256,4000	76,4874	274,804
256,3000	74,3559	274,867
256,2000	73,0008	274,922
256,1000	71,8786	274,973
256,0000	68,6044	275,034
255,9000	66,9435	275,078
255,8000	65,664	275,135
255,7000	63,4947	275,191
255,6000	60,1599	275,245
255,5000	55,2569	275,303
255,4000	50,623	275,353
255,3000	46,6049	275,409
255,2000	44,8161	275,457
255,1000	43,0861	275,507
255,0000	42,9299	275,557
254,9000	42,3918	275,611
254,8000	42,119	275,658
254,7000	39,5684	275,726
254,6000	34,3408	275,772
254,5000	31,5852	275,836
254,4000	29,9233	275,908
254,3000	29,6479	275,978
254,2000	28,7306	276,06
254,1000	29,4072	276,109
254,0000	30,0292	276,161
253,9000	33,8507	276,209
253,8000	37,5752	276,271
253,7000	41,3773	276,328
253,6000	42,9065	276,381
253,5000	45,5346	276,43
253,4000	49,8081	276,49
253,3000	55,1598	276,542
253,2000	59,3876	276,596
253,1000	67,8337	276,647
253,0000	77,7945	276,696
252,9000	88,0518	276,742
252,8000	96,058	276,799
252,7000	102,648	276,851
252,6000	110,235	276,906
252,5000	117,375	276,961
252,4000	123,426	277,012
252,3000	130,802	277,057
252,2000	137,891	277,103
252,1000	146,132	277,145
252,0000	152,588	277,206
251,9000	156,358	277,253
251,8000	158,476	277,298
251,7000	159,199	277,338
251,6000	159,867	277,39
251,5000	160,494	277,424
251,4000	156,581	277,485
251,3000	150,784	277,535
251,2000	144,696	277,577
251,1000	141,296	277,629
251,0000	138,385	277,672
250,9000	133,424	277,717
250,8000	128,04	277,753
250,7000	124,595	277,799
250,6000	114,981	277,832
250,5000	103,293	277,871
250,4000	90,2471	277,91
250,3000	80,2838	277,949
250,2000	73,9914	277,983
250,1000	66,5225	278,028
250,0000	58,0552	278,07
249,9000	50,465	278,092
249,8000	42,1463	278,133
249,7000	34,8598	278,159
249,6000	26,2211	278,193
249,5000	14,1231	278,226
249,4000	3,12427	278,259
249,3000	-7,69206	278,293
249,2000	-18,3011	278,32
249,1000	-31,0966	278,354
249,0000	-42,215	278,372
248,9000	-51,2885	278,405
248,8000	-59,7064	278,448
248,7000	-67,8273	278,479
248,6000	-78,0527	278,509
248,5000	-88,3141	278,534
248,4000	-98,3047	278,573
248,3000	-108,941	278,618
248,2000	-121,12	278,651
248,1000	-129,312	278,692
248,0000	-137,586	278,714
247,9000	-145,238	278,749
247,8000	-155,086	278,783
247,7000	-166,646	278,825
247,6000	-178,027	278,862
247,5000	-189,415	278,894
247,4000	-201,686	278,933
247,3000	-213,875	278,97
247,2000	-225,18	279,006
247,1000	-235,259	279,051
247,0000	-240,914	279,087
246,9000	-246,266	279,129
246,8000	-251,682	279,17
246,7000	-256,554	279,218
246,6000	-262,197	279,255
246,5000	-269,645	279,29
246,4000	-276,68	279,324
246,3000	-283,387	279,366
246,2000	-290,36	279,399
246,1000	-294,517	279,433
246,0000	-301,303	279,454
245,9000	-308,429	279,486
245,8000	-315,643	279,52
245,7000	-321,232	279,558
245,6000	-328,715	279,589
245,5000	-335,773	279,614
245,4000	-343,117	279,645
245,3000	-349,392	279,686
245,2000	-356,808	279,73
245,1000	-366,385	279,767
245,0000	-375,294	279,807
244,9000	-383,155	279,846
244,8000	-390,652	279,881
244,7000	-400,473	279,912
244,6000	-410,58	279,947
244,5000	-422,324	279,982
244,4000	-434,309	280,03
244,3000	-445,069	280,07
244,2000	-454,911	280,1
244,1000	-461,831	280,135
244,0000	-470,709	280,169
243,9000	-478,977	280,207
243,8000	-486,581	280,254
243,7000	-493,8	280,293
243,6000	-504,777	280,333
243,5000	-515,701	280,369
243,4000	-525,204	280,407
243,3000	-536,72	280,438
243,2000	-549,517	280,477
243,1000	-561,933	280,516
243,0000	-575,407	280,556
242,9000	-589,625	280,603
242,8000	-603,028	280,644
242,7000	-617,306	280,686
242,6000	-630,625	280,73
242,5000	-645,698	280,778
242,4000	-664,681	280,822
242,3000	-687,066	280,882
242,2000	-708,233	280,93
242,1000	-730,91	280,99
242,0000	-752,83	281,037
241,9000	-774,907	281,085
241,8000	-798,18	281,137
241,7000	-821,202	281,183
241,6000	-846,396	281,234
241,5000	-868,914	281,289
241,4000	-894,636	281,34
241,3000	-922,633	281,388
241,2000	-951,548	281,461
241,1000	-982,596	281,529
241,0000	-1014,76	281,588
240,9000	-1048,54	281,664
240,8000	-1081,05	281,724
240,7000	-1114,96	281,78
240,6000	-1148,3	281,847
240,5000	-1182,85	281,914
240,4000	-1219,17	281,975
240,3000	-1257,48	282,046
240,2000	-1298,47	282,114
240,1000	-1341,29	282,202
240,0000	-1383,85	282,275
239,9000	-1425,65	282,35
239,8000	-1466,26	282,43
239,7000	-1508,87	282,5
239,6000	-1552,31	282,574
239,5000	-1594,59	282,659
239,4000	-1637,34	282,722
239,3000	-1679,98	282,786
239,2000	-1724,65	282,863
239,1000	-1767,78	282,959
239,0000	-1813,46	283,034
238,9000	-1858,75	283,115
238,8000	-1903,32	283,222
238,7000	-1950,98	283,303
238,6000	-1996,84	283,399
238,5000	-2040,74	283,489
238,4000	-2086,34	283,57
238,3000	-2134,35	283,648
238,2000	-2183,12	283,73
238,1000	-2234,05	283,813
238,0000	-2284,05	283,891
237,9000	-2334,31	283,982
237,8000	-2386,24	284,069
237,7000	-2436,88	284,166
237,6000	-2487,47	284,263
237,5000	-2542,01	284,333
237,4000	-2597,04	284,424
237,3000	-2653,45	284,515
237,2000	-2710,14	284,618
237,1000	-2763,93	284,714
237,0000	-2820,86	284,801
236,9000	-2880,21	284,883
236,8000	-2939,41	284,979
236,7000	-2998,77	285,073
236,6000	-3060,38	285,17
236,5000	-3122,22	285,27
236,4000	-3184,75	285,399
236,3000	-3249,5	285,501
236,2000	-3311,86	285,598
236,1000	-3373,18	285,724
236,0000	-3436,2	285,833
235,9000	-3501,77	285,909
235,8000	-3562,98	286,01
235,7000	-3625,06	286,116
235,6000	-3687,88	286,22
235,5000	-3754,09	286,298
235,4000	-3822,71	286,402
235,3000	-3890,74	286,501
235,2000	-3959,58	286,621
235,1000	-4028,96	286,722
235,0000	-4099,57	286,843
234,9000	-4171,33	286,901
234,8000	-4242,31	287,041
234,7000	-4315	287,156
234,6000	-4389,49	287,273
234,5000	-4467,11	287,395
234,4000	-4547,84	287,507
234,3000	-4632,71	287,626
234,2000	-4719,82	287,738
234,1000	-4810,02	287,859
234,0000	-4901,66	287,985
233,9000	-4997,22	288,069
233,8000	-5093,95	288,187
233,7000	-5196,71	288,306
233,6000	-5302,59	288,443
233,5000	-5408,7	288,564
233,4000	-5512,18	288,698
233,3000	-5619,16	288,82
233,2000	-5724,45	288,937
233,1000	-5829,25	289,071
233,0000	-5935,13	289,228
232,9000	-6037,86	289,359
232,8000	-6139,52	289,491
232,7000	-6241	289,659
232,6000	-6342,58	289,789
232,5000	-6442,51	289,955
232,4000	-6542,12	290,089
232,3000	-6641,34	290,201
232,2000	-6741,78	290,328
232,1000	-6842,64	290,428
232,0000	-6939,39	290,567
231,9000	-7032,55	290,697
231,8000	-7123,19	290,817
231,7000	-7211,92	290,919
231,6000	-7299,27	291,052
231,5000	-7387,42	291,147
231,4000	-7472,61	291,272
231,3000	-7558,74	291,364
231,2000	-7641,26	291,474
231,1000	-7723,32	291,594
231,0000	-7806,6	291,702
230,9000	-7893,19	291,82
230,8000	-7980,34	291,941
230,7000	-8069,02	292,049
230,6000	-8163,16	292,161
230,5000	-8254,07	292,268
230,4000	-8348,71	292,383
230,3000	-8446,04	292,495
230,2000	-8544,33	292,602
230,1000	-8644,02	292,728
230,0000	-8743,41	292,859
229,9000	-8840,66	292,991
229,8000	-8940,31	293,133
229,7000	-9040,3	293,27
229,6000	-9141	293,413
229,5000	-9245,49	293,562
229,4000	-9349,32	293,753
229,3000	-9452,87	293,905
229,2000	-9556,56	294,058
229,1000	-9659,28	294,214
229,0000	-9759,69	294,389
228,9000	-9859,97	294,547
228,8000	-9961,94	294,723
228,7000	-10063,4	294,844
228,6000	-10163,9	295,005
228,5000	-10264,4	295,169
228,4000	-10364,8	295,335
228,3000	-10466	295,496
228,2000	-10568,3	295,612
228,1000	-10665,3	295,759
228,0000	-10760,8	295,917
227,9000	-10851,4	296,074
227,8000	-10942,5	296,231
227,7000	-11030,6	296,385
227,6000	-11116,9	296,574
227,5000	-11202,3	296,734
227,4000	-11291,6	296,885
227,3000	-11380,1	297,024
227,2000	-11464,2	297,171
227,1000	-11544,6	297,32
227,0000	-11620,9	297,485
226,9000	-11696,2	297,652
226,8000	-11771,3	297,804
226,7000	-11845,9	297,958
226,6000	-11920	298,112
226,5000	-11993,8	298,228
226,4000	-12066,8	298,385
226,3000	-12134,5	298,544
226,2000	-12204,1	298,7
226,1000	-12273,5	298,854
226,0000	-12341,5	299,013
225,9000	-12406,9	299,173
225,8000	-12469	299,336
225,7000	-12528,1	299,495
225,6000	-12587,4	299,668
225,5000	-12646,2	299,789
225,4000	-12706,4	299,958
225,3000	-12764,7	300,105
225,2000	-12824,2	300,256
225,1000	-12879,2	300,414
225,0000	-12931,4	300,585
224,9000	-12979,5	300,753
224,8000	-13025,5	300,917
224,7000	-13071,9	301,083
224,6000	-13117,5	301,248
224,5000	-13165,2	301,41
224,4000	-13213,3	301,573
224,3000	-13257,2	301,739
224,2000	-13299,9	301,899
224,1000	-13339	302,062
224,0000	-13375,7	302,227
223,9000	-13412	302,388
223,8000	-13445,2	302,554
223,7000	-13477,2	302,723
223,6000	-13508	302,935
223,5000	-13540	303,107
223,4000	-13567,8	303,275
223,3000	-13594,8	303,445
223,2000	-13619,4	303,659
223,1000	-13642,2	303,832
223,0000	-13666,7	304,008
222,9000	-13689,2	304,197
222,8000	-13706,5	304,377
222,7000	-13724	304,557
222,6000	-13747,1	304,738
222,5000	-13771,4	304,91
222,4000	-13796,6	305,092
222,3000	-13820	305,274
222,2000	-13846,1	305,449
222,1000	-13873,9	305,633
222,0000	-13896,1	305,77
221,9000	-13917,7	305,946
221,8000	-13937,3	306,129
221,7000	-13958,3	306,313
221,6000	-13979,6	306,492
221,5000	-14003	306,663
221,4000	-14023,1	306,84
221,3000	-14044,8	307,006
221,2000	-14062,5	307,176
221,1000	-14081,2	307,352
221,0000	-14094,7	307,522
220,9000	-14109,5	307,686
220,8000	-14126,2	307,858
220,7000	-14143,9	308,033
220,6000	-14159,6	308,203
220,5000	-14173	308,368
220,4000	-14188,1	308,542
220,3000	-14204,1	308,709
220,2000	-14220,1	308,835
220,1000	-14234,2	309,002
220,0000	-14246,8	309,161
219,9000	-14255,7	309,333
219,8000	-14266,5	309,515
219,7000	-14271,6	309,733
219,6000	-14275,1	309,906
219,5000	-14278,6	310,086
219,4000	-14277,1	310,247
219,3000	-14278,8	310,43
219,2000	-14278,6	310,614
219,1000	-14279,7	310,796
219,0000	-14276,9	310,971
218,9000	-14273,6	311,154
218,8000	-14265,8	311,344
218,7000	-14257,4	311,52
218,6000	-14246	311,704
218,5000	-14234	311,887
218,4000	-14224,1	312,061
218,3000	-14211,4	312,237
218,2000	-14196,1	312,426
218,1000	-14182,3	312,611
218,0000	-14170,1	312,8
217,9000	-14157	312,991
217,8000	-14146,6	313,242
217,7000	-14134,1	313,432
217,6000	-14116,9	313,658
217,5000	-14096,3	313,857
217,4000	-14073,8	314,052
217,3000	-14050,1	314,193
217,2000	-14029,2	314,427
217,1000	-14013,7	314,624
217,0000	-14002,2	314,825
216,9000	-13995,5	315,021
216,8000	-13986,9	315,225
216,7000	-13977,9	315,416
216,6000	-13966,8	315,561
216,5000	-13958,9	315,753
216,4000	-13950,6	315,947
216,3000	-13944,9	316,133
216,2000	-13939,8	316,325
216,1000	-13933,4	316,519
216,0000	-13929,3	316,719
215,9000	-13925,4	316,92
215,8000	-13922,1	317,05
215,7000	-13924,2	317,231
215,6000	-13922,3	317,434
215,5000	-13918,1	317,632
215,4000	-13910,3	317,83
215,3000	-13902,4	318,029
215,2000	-13890,9	318,228
215,1000	-13883,4	318,378
215,0000	-13878,6	318,584
214,9000	-13876,1	318,832
214,8000	-13875,4	319,039
214,7000	-13873,6	319,243
214,6000	-13868,5	319,455
214,5000	-13862,3	319,661
214,4000	-13853,7	319,817
214,3000	-13847,3	320,03
214,2000	-13842,5	320,239
214,1000	-13839,5	320,464
214,0000	-13832,6	320,677
213,9000	-13830,3	320,9
213,8000	-13830,8	321,118
213,7000	-13827,5	321,342
213,6000	-13827,9	321,561
213,5000	-13829,4	321,786
213,4000	-13830,7	322,02
213,3000	-13832	322,253
213,2000	-13832,3	322,495
213,1000	-13835,3	322,732
213,0000	-13840,2	322,973
212,9000	-13847,7	323,21
212,8000	-13855,8	323,463
212,7000	-13868,3	323,648
212,6000	-13881,1	323,886
212,5000	-13893,8	324,137
212,4000	-13910,1	324,393
212,3000	-13924,2	324,646
212,2000	-13939,7	324,902
212,1000	-13958,5	325,154
212,0000	-13977	325,477
211,9000	-13995,5	325,74
211,8000	-14011	326,006
211,7000	-14026,1	326,271
211,6000	-14040,3	326,609
211,5000	-14056	326,885
211,4000	-14069,1	327,167
211,3000	-14082,1	327,45
211,2000	-14098,8	327,724
211,1000	-14115,1	328,081
211,0000	-14128,8	328,377
210,9000	-14140,5	328,673
210,8000	-14153,8	328,97
210,7000	-14163,9	329,27
210,6000	-14173,7	329,568
210,5000	-14182	329,874
210,4000	-14190,4	330,103
210,3000	-14196,7	330,413
210,2000	-14202,7	330,719
210,1000	-14210,6	331,041
210,0000	-14217,6	331,355
209,9000	-14223,7	331,68
209,8000	-14225,7	332,008
209,7000	-14225,4	332,32
209,6000	-14218,9	332,652
209,5000	-14211	332,986
209,4000	-14204,1	333,323
209,3000	-14200,3	333,664
209,2000	-14194	334,004
209,1000	-14188	334,357
209,0000	-14180	334,712
208,9000	-14171,4	335,17
208,8000	-14158,5	335,547
208,7000	-14141,8	335,92
208,6000	-14121,7	336,299
208,5000	-14095,8	336,682
208,4000	-14066,3	337,073
208,3000	-14032	337,454
208,2000	-13999,5	337,846
208,1000	-13965,8	338,246
208,0000	-13929,3	338,74
207,9000	-13887,8	339,15
207,8000	-13840,7	339,563
207,7000	-13787,5	339,98
207,6000	-13726	340,518
207,5000	-13662,7	340,944
207,4000	-13592,3	341,378
207,3000	-13515,8	341,796
207,2000	-13434,4	342,227
207,1000	-13354,3	342,669
207,0000	-13268,9	343,239
206,9000	-13180,3	343,69
206,8000	-13081,6	344,153
206,7000	-12974,8	344,626
206,6000	-12857,1	345,221
206,5000	-12734,8	345,702
206,4000	-12602,8	346,192
206,3000	-12469	346,682
206,2000	-12331,2	347,181
206,1000	-12189,7	347,804
206,0000	-12049,2	348,183
205,9000	-11899,8	348,701
205,8000	-11743,9	349,222
205,7000	-11576,2	349,765
205,6000	-11402,9	350,304
205,5000	-11220,8	350,836
205,4000	-11035,4	351,384
205,3000	-10845,2	352,077
205,2000	-10652,3	352,644
205,1000	-10458,6	353,215
205,0000	-10258,4	353,929
204,9000	-10052,3	354,517
204,8000	-9844,79	355,112
204,7000	-9630,97	355,854
204,6000	-9404,61	356,453
204,5000	-9171,63	357,081
204,4000	-8922,22	357,536
204,3000	-8670,04	358,163
204,2000	-8420,58	358,791
204,1000	-8170,76	359,428
204,0000	-7916,21	360,225
203,9000	-7655,84	360,717
203,8000	-7390,3	361,363
203,7000	-7116,7	362,017
203,6000	-6836,7	362,836
203,5000	-6547,43	363,502
203,4000	-6250,79	364,354
203,3000	-5949,53	365,041
203,2000	-5645,73	365,911
203,1000	-5331,65	366,626
203,0000	-5008,99	367,336
202,9000	-4677,55	368,049
202,8000	-4337,26	368,95
202,7000	-3988,58	369,682
202,6000	-3624,78	370,41
202,5000	-3249,15	371,155
202,4000	-2870,95	371,906
202,3000	-2489,21	372,664
202,2000	-2101,41	373,621
202,1000	-1711,19	374,402
202,0000	-1320,62	375,183
201,9000	-937,921	375,961
201,8000	-554,22	376,748
201,7000	-163,29	377,545
201,6000	236,362	378,563
201,5000	640,14	379,377
201,4000	1042,72	380,202
201,3000	1454,24	381,033
201,2000	1869,42	381,887
201,1000	2287,01	382,735
201,0000	2707,33	383,818
200,9000	3126,78	384,691
200,8000	3549,9	385,576
200,7000	3979,58	386,457
200,6000	4409,35	387,355
200,5000	4837,3	388,247
200,4000	5267,18	389,16
200,3000	5709,21	390,314
200,2000	6153,7	391,242
200,1000	6589,99	392,176
200,0000	7019,79	393,337
199,9000	7457,99	394,268
199,8000	7901,98	395,216
199,7000	8346,38	396,406
199,6000	8791,96	397,345
199,5000	9234,52	398,311
199,4000	9687,36	399,274
199,3000	10140,3	400,242
199,2000	10590,6	401,209
199,1000	11037,2	402,681
199,0000	11492	403,682
198,9000	11949	404,936
198,8000	12398,1	405,944
198,7000	12835,6	407,214
198,6000	13280,2	408,487
198,5000	13724	409,52
198,4000	14165,7	410,562
198,3000	14596	411,613
198,2000	15019,4	412,93
198,1000	15436	414,003
198,0000	15850,1	415,073
197,9000	16252,2	416,132
197,8000	16633,7	417,483
197,7000	17013,6	418,57
197,6000	17384,1	419,927
197,5000	17754,1	421,015
197,4000	18123,1	422,383
197,3000	18491,4	423,482
197,2000	18849,9	424,858
197,1000	19204,5	425,955
197,0000	19556,5	427,335
196,9000	19907,3	428,443
196,8000	20256,1	429,819
196,7000	20604	431,2
196,6000	20942,6	432,592
196,5000	21268,8	433,981
196,4000	21585,6	435,107
196,3000	21904	436,51
196,2000	22221,1	437,928
196,1000	22527,1	439,345
196,0000	22812,7	440,753
195,9000	23083,1	442,175
195,8000	23361,3	443,311
195,7000	23637,4	444,731
195,6000	23908	445,857
195,5000	24169,8	446,971
195,4000	24416,7	448,366
195,3000	24653,7	449,488
195,2000	24873,1	450,585
195,1000	25095,7	451,686
195,0000	25313,8	453,055
194,9000	25511,8	454,149
194,8000	25693,9	455,503
194,7000	25865,5	456,855
194,6000	26018,2	458,216
194,5000	26182,8	459,571
194,4000	26328,1	460,935
194,3000	26465,1	462,029
194,2000	26586,4	463,414
194,1000	26699,1	464,545
194,0000	26811,7	465,684
193,9000	26916,6	466,825
193,8000	27031,3	468,263
193,7000	27139,8	469,43
193,6000	27236,1	470,899
193,5000	27335,7	472,09
193,4000	27434	473,574
193,3000	27525,9	475,056
193,2000	27607,7	476,545
193,1000	27681,4	478,033
193,0000	27732,4	479,518
192,9000	27796,9	480,996
192,8000	27861,1	482,466
192,7000	27933,1	483,633
192,6000	27990,5	485,386
192,5000	28025,2	486,569
192,4000	28045,1	488,038
192,3000	28073,3	489,513
192,2000	28092,5	491,004
192,1000	28105,4	492,51
192,0000	28103,3	494,064
191,9000	28089,2	495,632
191,8000	28067,7	497,231
191,7000	28043,6	498,871
191,6000	28006,7	500,546
191,5000	27919,3	502,613
191,4000	27819,4	504,374
191,3000	27684,3	506,154
191,2000	27548,8	508,305
191,1000	27420	510,11
191,0000	27289,2	511,898
190,9000	27135,2	514,043
190,8000	26978,1	515,804
190,7000	26801,2	517,561
190,6000	26611,9	519,281
190,5000	26446,2	520,665
190,4000	26254,9	522,368
190,3000	26079,1	524,428
190,2000	25859,8	525,8
190,1000	25630,6	527,891
190,0000	25390,3	529,306
189,9000	25143,3	531,5
189,8000	24867,5	533,394
189,7000	24582,4	535,359
189,6000	24292,2	537,391
189,5000	23979,8	539,952
189,4000	23682,5	542,143
189,3000	23373,1	544,42
189,2000	23050,5	547,202
189,1000	22747,9	549,557
189,0000	22486,6	552,405
188,9000	22247	554,774
188,8000	22007	558,056
188,7000	21738	560,371
188,6000	21466,3	563,105
188,5000	21214,2	565,822
188,4000	20995,9	568,511
188,3000	20754,8	571,214
188,2000	20527,2	573,955
188,1000	20279,6	577,261
188,0000	20016,1	580,227
187,9000	19755,3	583,358
187,8000	19456,7	586,692
187,7000	19182,1	589,598
187,6000	18902,9	592,637
187,5000	18632,2	595,783
187,4000	18363,5	599,064
187,3000	18083,2	602,401
187,2000	17784,1	605,793
187,1000	17495,4	608,522
187,0000	17177,1	611,248
186,9000	16874,8	615,324
186,8000	16636,4	618,02
186,7000	16341,4	620,677
186,6000	16047,8	624,605
186,5000	15720,5	628,454
186,4000	15358,2	632,286
186,3000	14961,5	636,761
186,2000	14617,4	641,347
186,1000	14245,8	646,905
186,0000	13867,7	651,375
185,9000	13449,6	657,784
185,8000	13024,8	662,955
185,7000	12592,8	670,359
185,6000	12201,1	677,232
185,5000	11806,9	684,412
185,4000	11427,4	690,734
185,3000	10999	698,234
185,2000	10564,6	704,67
185,1000	10113,2	711,008
185,0000	9618,82	717,273
184,9000	9125,68	723,488
184,8000	8587,45	729,681
184,7000	8132,89	735,926
184,6000	7683,25	743,42
184,5000	7212,48	750,161
184,4000	6728,93	759,734
184,3000	6188,13	768,734
184,2000	5762,67	781,273
184,1000	5290,44	794,876
184,0000	4876,99	806,167
183,9000	4488,69	817,962
183,8000	4226,07	828,39
183,7000	3948,76	837,2
183,6000	3682,79	847,873
183,5000	3399,82	858,556
183,4000	3075,76	869,293
183,3000	2723,59	883,783
183,2000	2407,7	896,734
183,1000	2058,51	908,283
183,0000	1686,25	924,563
182,9000	1327,35	937,473
182,8000	1111,34	955,554
182,7000	961,885	971,977
182,6000	811,475	986,161
182,5000	644,622	997,712
182,4000	471,871	1010,83
182,3000	412,687	1020,96
182,2000	351,921	1030,29
182,1000	332,794	1040,36
182,0000	384,464	1047,66
181,9000	451,406	1053,87
181,8000	447,874	1059,02
181,7000	380,287	1063,77
181,6000	323,213	1066,6
181,5000	224,802	1068,75
181,4000	79,5843	1069,7
181,3000	-100,999	1070,13
181,2000	-272,729	1070,31
181,1000	-430,874	1070,4
181,0000	-583,616	1070,48
180,9000	-666,283	1070,55
180,8000	-695,985	1070,62
180,7000	-749,399	1070,66
180,6000	-774,651	1070,71
180,5000	-766,186	1070,76
180,4000	-768,313	1070,79
180,3000	-842,534	1070,83
180,2000	-965,082	1070,86
180,1000	-1047,31	1070,89
180,0000	-1055,18	1070,91

##### Extended Information
[Comments]
Sample name	AncCQ+S540N SBD
Comment
User
Division
Company	Uniwersytet Gdanski

[Detailed Information]
Creation date	2026-03-18 11:01

Data array type	Linear data array * 2
Horizontal axis	Wavelength [nm]
Vertical axis(1)	Mol. Ellip.
Vertical axis(2)	HT [V]
Start	260 nm
End	180 nm
Data interval	0,1 nm
Data points	801

[Measurement Information]
Instrument name	J-1500
Model name	J-1500
Serial No.	A026061638

Detector	PM-539
Detector S/N	A0260PM539
  Lock-in amp.	X mode
  HT volt	Auto

Accessory	PTC-517
Accessory S/N	A013061646
  Temperature	19.99 C
  Control sonsor	Holder
  Monitor sensor	Holder
  Start Mode	Start immediately
  Timeout	30 sec
  Cell length	1 mm

Measurement date	2026-03-18 10:58

CD Overload detect	692
Photometric mode	CD, HT
Measure range	260 - 180 nm
Data pitch	0.1 nm
CD scale	200 mdeg/1.0 dOD
FL scale	200 mdeg/1.0 dOD
D.I.T.	2 sec
Bandwidth	1.00 nm
Start mode	Immediately
Scanning speed	50 nm/min
Baseline correction	None
Shutter control	Auto
Accumulations	4

Concentration	0.001195 mol/L

